f1
b Bone
1.0
0.0
0.0
0.0
0.0
1.0
0.0
0.0
0.0
0.0
1.0
0.0
0.0
0.0
0.0
1.0
b Bone.001
1.0
0.0
0.0
0.0
0.0
1.0
0.0
0.0
0.0
0.0
1.0
0.0
0.0
0.0
0.0
1.0
b Bone.002
1.0
0.0
0.0
0.0
0.0
1.0
0.0
0.0
0.0
0.0
1.0
0.0
0.0
0.0
0.0
1.0
b Bone.003
1.0
0.0
0.0
0.0
0.0
1.0
0.0
0.0
0.0
0.0
1.0
0.0
0.0
0.0
0.0
1.0
b Bone.004
1.0
0.0
0.0
0.0
0.0
1.0
0.0
0.0
0.0
0.0
1.0
0.0
0.0
0.0
0.0
1.0
b Bone.005
1.0
0.0
0.0
0.0
0.0
1.0
0.0
0.0
0.0
0.0
1.0
0.0
0.0
0.0
0.0
1.0
b Bone.006
1.0
0.0
0.0
0.0
0.0
1.0
0.0
0.0
0.0
0.0
1.0
0.0
0.0
0.0
0.0
1.0
b Bone.007
1.0
0.0
0.0
0.0
0.0
1.0
0.0
0.0
0.0
0.0
1.0
0.0
0.0
0.0
0.0
1.0
b Bone.008
1.0
0.0
0.0
0.0
0.0
1.0
0.0
0.0
0.0
0.0
1.0
0.0
0.0
0.0
0.0
1.0
b Bone.009
1.0
0.0
0.0
0.0
0.0
1.0
0.0
0.0
0.0
0.0
1.0
0.0
0.0
0.0
0.0
1.0
b Bone.010
1.0
0.0
0.0
0.0
0.0
1.0
0.0
0.0
0.0
0.0
1.0
0.0
0.0
0.0
0.0
1.0
b Bone.011
1.0
0.0
0.0
0.0
0.0
1.0
0.0
0.0
0.0
0.0
1.0
0.0
0.0
0.0
0.0
1.0
b Bone.012
1.0
0.0
0.0
0.0
0.0
1.0
0.0
0.0
0.0
0.0
1.0
0.0
0.0
0.0
0.0
1.0
f10
b Bone
1.0
0.0
0.0
0.0
0.0
1.0
0.0
0.0
0.0
0.0
1.0
0.0
0.0
0.0
0.0
1.0
b Bone.001
1.0
0.0
0.0
0.0
0.0
1.0
0.0
0.0
0.0
0.0
1.0
0.0
0.0
0.0
0.0
1.0
b Bone.002
0.4840657711029053
0.8001665472984314
0.35413822531700134
0.0
-0.797981858253479
0.5697318911552429
-0.19654665887355804
0.0
-0.35903388261795044
-0.18745432794094086
0.9143060445785522
0.0
0.0
0.0
0.0
1.0
b Bone.003
0.011667586863040924
0.9193727970123291
0.3932144045829773
0.0
-0.9347646236419678
0.14966845512390137
-0.32220250368118286
0.0
-0.35507598519325256
-0.36380359530448914
0.8611434102058411
0.0
0.0
0.0
0.0
1.0
b Bone.004
1.0
0.0
0.0
0.0
0.0
1.0
0.0
0.0
0.0
0.0
1.0
0.0
0.0
0.0
0.0
1.0
b Bone.005
0.4453677237033844
0.86427903175354
-0.233814999461174
0.0
-0.8034588098526001
0.5010287761688232
0.32159632444381714
0.0
0.3950969874858856
0.04463205859065056
0.9175545573234558
0.0
0.0
0.0
0.0
1.0
b Bone.006
0.043945081532001495
0.9620060920715332
-0.2694686949253082
0.0
-0.8418392539024353
0.18089547753334045
0.5085113048553467
0.0
0.5379366278648376
0.2045026421546936
0.8178037405014038
0.0
0.0
0.0
0.0
1.0
b Bone.007
1.0
0.0
0.0
0.0
0.0
1.0
0.0
0.0
0.0
0.0
1.0
0.0
0.0
0.0
0.0
1.0
b Bone.008
1.0
0.0
0.0
0.0
0.0
1.0
0.0
0.0
0.0
0.0
1.0
0.0
0.0
0.0
0.0
1.0
b Bone.009
1.0
0.0
0.0
0.0
0.0
1.0
0.0
0.0
0.0
0.0
1.0
0.0
0.0
0.0
0.0
1.0
b Bone.010
1.0
0.0
0.0
0.0
0.0
1.0
0.0
0.0
0.0
0.0
1.0
0.0
0.0
0.0
0.0
1.0
b Bone.011
1.0
0.0
0.0
0.0
0.0
1.0
0.0
0.0
0.0
0.0
1.0
0.0
0.0
0.0
0.0
1.0
b Bone.012
1.0
0.0
0.0
0.0
0.0
1.0
0.0
0.0
0.0
0.0
1.0
0.0
0.0
0.0
0.0
1.0
f20
b Bone
0.2720741033554077
0.9622763395309448
1.2929031356634368e-07
0.0
-0.9622763395309448
0.2720741033554077
-9.780328014130646e-08
0.0
-1.292903277771984e-07
-9.780326593045174e-08
1.0
0.0
-3.010275023458488e-17
-2.2771595703676433e-17
0.0
1.0
b Bone.001
1.0
0.0
0.0
0.0
0.0
1.0
0.0
0.0
0.0
0.0
1.0
0.0
0.0
0.0
0.0
1.0
b Bone.002
0.4840657711029053
0.8001665472984314
0.35413822531700134
0.0
-0.797981858253479
0.5697318911552429
-0.19654665887355804
0.0
-0.35903388261795044
-0.18745432794094086
0.9143060445785522
0.0
0.0
0.0
0.0
1.0
b Bone.003
0.011667586863040924
0.9193727970123291
0.3932144045829773
0.0
-0.9347646236419678
0.14966845512390137
-0.32220250368118286
0.0
-0.35507598519325256
-0.36380359530448914
0.8611434102058411
0.0
0.0
0.0
0.0
1.0
b Bone.004
1.0
0.0
0.0
0.0
0.0
1.0
0.0
0.0
0.0
0.0
1.0
0.0
0.0
0.0
0.0
1.0
b Bone.005
0.4453677237033844
0.86427903175354
-0.233814999461174
0.0
-0.8034588098526001
0.5010287761688232
0.32159632444381714
0.0
0.3950969874858856
0.04463205859065056
0.9175545573234558
0.0
0.0
0.0
0.0
1.0
b Bone.006
0.043945081532001495
0.9620060920715332
-0.2694686949253082
0.0
-0.8418392539024353
0.18089547753334045
0.5085113048553467
0.0
0.5379366278648376
0.2045026421546936
0.8178037405014038
0.0
0.0
0.0
0.0
1.0
b Bone.007
1.0
0.0
0.0
0.0
0.0
1.0
0.0
0.0
0.0
0.0
1.0
0.0
0.0
0.0
0.0
1.0
b Bone.008
1.0
0.0
0.0
0.0
0.0
1.0
0.0
0.0
0.0
0.0
1.0
0.0
0.0
0.0
0.0
1.0
b Bone.009
1.0
0.0
0.0
0.0
0.0
1.0
0.0
0.0
0.0
0.0
1.0
0.0
0.0
0.0
0.0
1.0
b Bone.010
1.0
0.0
0.0
0.0
0.0
1.0
0.0
0.0
0.0
0.0
1.0
0.0
0.0
0.0
0.0
1.0
b Bone.011
1.0
0.0
0.0
0.0
0.0
1.0
0.0
0.0
0.0
0.0
1.0
0.0
0.0
0.0
0.0
1.0
b Bone.012
1.0
0.0
0.0
0.0
0.0
1.0
0.0
0.0
0.0
0.0
1.0
0.0
0.0
0.0
0.0
1.0
f30
b Bone
1.0
0.0
0.0
0.0
0.0
1.0
0.0
0.0
0.0
0.0
1.0
0.0
-3.010275023458488e-17
-2.2771595703676433e-17
0.0
1.0
b Bone.001
1.0
0.0
0.0
0.0
0.0
1.0
0.0
0.0
0.0
0.0
1.0
0.0
0.0
0.0
0.0
1.0
b Bone.002
0.4840657711029053
0.8001665472984314
0.35413822531700134
0.0
-0.797981858253479
0.5697318911552429
-0.19654665887355804
0.0
-0.35903388261795044
-0.18745432794094086
0.9143060445785522
0.0
0.0
0.0
0.0
1.0
b Bone.003
0.011667586863040924
0.9193727970123291
0.3932144045829773
0.0
-0.9347646236419678
0.14966845512390137
-0.32220250368118286
0.0
-0.35507598519325256
-0.36380359530448914
0.8611434102058411
0.0
0.0
0.0
0.0
1.0
b Bone.004
1.0
0.0
0.0
0.0
0.0
1.0
0.0
0.0
0.0
0.0
1.0
0.0
0.0
0.0
0.0
1.0
b Bone.005
0.4453677237033844
0.86427903175354
-0.233814999461174
0.0
-0.8034588098526001
0.5010287761688232
0.32159632444381714
0.0
0.3950969874858856
0.04463205859065056
0.9175545573234558
0.0
0.0
0.0
0.0
1.0
b Bone.006
0.043945081532001495
0.9620060920715332
-0.2694686949253082
0.0
-0.8418392539024353
0.18089547753334045
0.5085113048553467
0.0
0.5379366278648376
0.2045026421546936
0.8178037405014038
0.0
0.0
0.0
0.0
1.0
b Bone.007
1.0
0.0
0.0
0.0
0.0
1.0
0.0
0.0
0.0
0.0
1.0
0.0
0.0
0.0
0.0
1.0
b Bone.008
1.0
0.0
0.0
0.0
0.0
1.0
0.0
0.0
0.0
0.0
1.0
0.0
0.0
0.0
0.0
1.0
b Bone.009
1.0
0.0
0.0
0.0
0.0
1.0
0.0
0.0
0.0
0.0
1.0
0.0
0.0
0.0
0.0
1.0
b Bone.010
1.0
0.0
0.0
0.0
0.0
1.0
0.0
0.0
0.0
0.0
1.0
0.0
0.0
0.0
0.0
1.0
b Bone.011
1.0
0.0
0.0
0.0
0.0
1.0
0.0
0.0
0.0
0.0
1.0
0.0
0.0
0.0
0.0
1.0
b Bone.012
1.0
0.0
0.0
0.0
0.0
1.0
0.0
0.0
0.0
0.0
1.0
0.0
0.0
0.0
0.0
1.0
f40
b Bone
1.0
0.0
0.0
0.0
0.0
1.0
0.0
0.0
0.0
0.0
1.0
0.0
-3.010275023458488e-17
-2.2771595703676433e-17
0.0
1.0
b Bone.001
1.0
0.0
0.0
0.0
0.0
1.0
0.0
0.0
0.0
0.0
1.0
0.0
0.0
0.0
0.0
1.0
b Bone.002
0.2443854659795761
0.8524409532546997
0.46219080686569214
0.0
-0.043372612446546555
0.48577582836151123
-0.8730067610740662
0.0
-0.968707799911499
0.19330385327339172
0.15568907558918
0.0
0.0
0.0
0.0
1.0
b Bone.003
0.7511547803878784
0.28825122117996216
0.593866765499115
0.0
-0.19017352163791656
0.9559783339500427
-0.22347131371498108
0.0
-0.6321396827697754
0.054923828691244125
0.7729054689407349
0.0
0.0
0.0
0.0
1.0
b Bone.004
1.0
0.0
0.0
0.0
0.0
1.0
0.0
0.0
0.0
0.0
1.0
0.0
0.0
0.0
0.0
1.0
b Bone.005
0.2666813135147095
0.8296516537666321
-0.49046850204467773
0.0
0.13066960871219635
0.4730747640132904
0.8712782859802246
0.0
0.954885721206665
-0.29644304513931274
0.017749911174178123
0.0
0.0
0.0
0.0
1.0
b Bone.006
0.8428829312324524
0.1079917922616005
-0.5271490216255188
0.0
-0.029323065653443336
0.9874169230461121
0.15539628267288208
0.0
0.5372973680496216
-0.11552324891090393
0.8354434967041016
0.0
0.0
0.0
0.0
1.0
b Bone.007
1.0
0.0
0.0
0.0
0.0
1.0
0.0
0.0
0.0
0.0
1.0
0.0
0.0
0.0
0.0
1.0
b Bone.008
1.0
0.0
0.0
0.0
0.0
1.0
0.0
0.0
0.0
0.0
1.0
0.0
0.0
0.0
0.0
1.0
b Bone.009
1.0
0.0
0.0
0.0
0.0
1.0
0.0
0.0
0.0
0.0
1.0
0.0
0.0
0.0
0.0
1.0
b Bone.010
1.0
0.0
0.0
0.0
0.0
1.0
0.0
0.0
0.0
0.0
1.0
0.0
0.0
0.0
0.0
1.0
b Bone.011
1.0
0.0
0.0
0.0
0.0
1.0
0.0
0.0
0.0
0.0
1.0
0.0
0.0
0.0
0.0
1.0
b Bone.012
1.0
0.0
0.0
0.0
0.0
1.0
0.0
0.0
0.0
0.0
1.0
0.0
0.0
0.0
0.0
1.0
