mesh name=Cylinder
0
0.0
0.11043154448270798
0.7795246839523315
3.141505189319105e-08
0.08038175851106644
0.5345172882080078
1.0
1.0
1
0.02154412493109703
0.10830962657928467
-0.7795246839523315
0.01568170264363289
0.07883723080158234
-0.5345174074172974
0.96875
0.5
2
0.0
0.11043154448270798
-0.7795246839523315
3.067277987156558e-08
0.08038175106048584
-0.5345174074172974
1.0
0.5
3
0.02154412493109703
0.10830962657928467
0.7795246839523315
0.015681710094213486
0.07883724570274353
0.5345173478126526
0.96875
1.0
4
0.04226032644510269
0.10202544182538986
-0.7795246839523315
0.030760765075683594
0.0742630660533905
-0.5345173478126526
0.9375
0.5
i1
5
0.04226032644510269
0.10202544182538986
0.7795246839523315
0.030760765075683594
0.0742630660533905
0.5345172882080078
0.9375
1.0
6
0.061352480202913284
0.09182047098875046
-0.7795246839523315
0.04465770721435547
0.06683497875928879
-0.5345174074172974
0.90625
0.5
i4
7
0.061352480202913284
0.09182047098875046
0.7795246839523315
0.044657714664936066
0.06683498620986938
0.534517228603363
0.90625
1.0
8
0.07808689028024673
0.07808689028024673
-0.7795246839523315
0.056838490068912506
0.056838490068912506
-0.5345172882080078
0.875
0.5
i6
9
0.07808689028024673
0.07808689028024673
0.7795246839523315
0.05683848261833191
0.05683848261833191
0.5345174074172974
0.875
1.0
10
0.09182047843933105
0.06135247275233269
-0.7795246839523315
0.06683500856161118
0.044657714664936066
-0.5345171689987183
0.84375
0.5
i8
11
0.09182047843933105
0.06135247275233269
0.7795246839523315
0.06683499366044998
0.04465770721435547
0.534517228603363
0.84375
1.0
12
0.10202544182538986
0.04226032271981239
-0.7795246839523315
0.07426305115222931
0.030760759487748146
-0.5345173478126526
0.8125
0.5
i10
13
0.10202544182538986
0.04226032271981239
0.7795246839523315
0.07426305115222931
0.03076075203716755
0.5345174074172974
0.8125
1.0
14
0.10830962657928467
0.02154412865638733
-0.7795246839523315
0.07883726805448532
0.015681715682148933
-0.5345171093940735
0.78125
0.5
i12
15
0.10830962657928467
0.02154412865638733
0.7795246839523315
0.07883724570274353
0.015681710094213486
0.5345172882080078
0.78125
1.0
16
0.11043154448270798
8.33734947747189e-09
-0.7795246839523315
0.08038175851106644
1.345675482156139e-08
-0.534517228603363
0.75
0.5
i14
17
0.11043154448270798
8.33734947747189e-09
0.7795246839523315
0.08038175851106644
1.1110202535746794e-08
0.5345172882080078
0.75
1.0
18
0.10830963402986526
-0.021544111892580986
-0.7795246839523315
0.07883724570274353
-0.01568169891834259
-0.534517228603363
0.71875
0.5
i16
19
0.10830963402986526
-0.021544111892580986
0.7795246839523315
0.07883725315332413
-0.01568170078098774
0.5345171689987183
0.71875
1.0
20
0.10202544927597046
-0.0422603040933609
-0.7795246839523315
0.0742630660533905
-0.030760759487748146
-0.5345172882080078
0.6875
0.5
i18
21
0.10202544927597046
-0.0422603040933609
0.7795246839523315
0.0742630660533905
-0.030760755762457848
0.5345172882080078
0.6875
1.0
22
0.09182047843933105
-0.06135247275233269
-0.7795246839523315
0.06683500856161118
-0.04465771093964577
-0.5345171689987183
0.65625
0.5
i20
23
0.09182047843933105
-0.06135247275233269
0.7795246839523315
0.06683499366044998
-0.04465770721435547
0.534517228603363
0.65625
1.0
24
0.07808689028024673
-0.07808689028024673
-0.7795246839523315
0.056838490068912506
-0.056838490068912506
-0.534517228603363
0.625
0.5
i22
25
0.07808689028024673
-0.07808689028024673
0.7795246839523315
0.056838490068912506
-0.056838490068912506
0.5345173478126526
0.625
1.0
26
0.06135247275233269
-0.09182047843933105
-0.7795246839523315
0.04465770721435547
-0.06683497875928879
-0.5345173478126526
0.59375
0.5
i24
27
0.06135247275233269
-0.09182047843933105
0.7795246839523315
0.04465771093964577
-0.06683498620986938
0.534517228603363
0.59375
1.0
28
0.0422603040933609
-0.10202545672655106
-0.7795246839523315
0.03076075203716755
-0.0742630735039711
-0.534517228603363
0.5625
0.5
i26
29
0.0422603040933609
-0.10202545672655106
0.7795246839523315
0.030760738998651505
-0.07426304370164871
0.5345174670219421
0.5625
1.0
30
0.02154409885406494
-0.10830963402986526
-0.7795246839523315
0.0156816728413105
-0.07883720844984055
-0.5345175862312317
0.53125
0.5
i28
31
0.02154409885406494
-0.10830963402986526
0.7795246839523315
0.01568167842924595
-0.07883724570274353
0.5345172882080078
0.53125
1.0
32
-3.598316666852952e-08
-0.11043154448270798
-0.7795246839523315
-2.348945749020004e-08
-0.08038175851106644
-0.5345171689987183
0.5
0.5
i30
33
-3.598316666852952e-08
-0.11043154448270798
0.7795246839523315
-2.5668391856470407e-08
-0.08038172870874405
0.5345174074172974
0.5
1.0
34
-0.021544169634580612
-0.10830962657928467
-0.7795246839523315
-0.015681736171245575
-0.07883722335100174
-0.5345174074172974
0.46875
0.5
i32
35
-0.021544169634580612
-0.10830962657928467
0.7795246839523315
-0.015681739896535873
-0.07883723825216293
0.534517228603363
0.46875
1.0
36
-0.04226037114858627
-0.10202541947364807
-0.7795246839523315
-0.03076079860329628
-0.07426304370164871
-0.5345172882080078
0.4375
0.5
i34
37
-0.04226037114858627
-0.10202541947364807
0.7795246839523315
-0.030760789290070534
-0.07426301389932632
0.5345175266265869
0.4375
1.0
38
-0.06135253235697746
-0.09182044118642807
-0.7795246839523315
-0.04465774446725845
-0.06683497875928879
-0.5345171689987183
0.40625
0.5
i36
39
-0.06135253235697746
-0.09182044118642807
0.7795246839523315
-0.044657740741968155
-0.06683497130870819
0.534517228603363
0.40625
1.0
40
-0.07808694243431091
-0.07808684557676315
-0.7795246839523315
-0.05683852359652519
-0.05683844909071922
-0.5345172882080078
0.375
0.5
i38
41
-0.07808694243431091
-0.07808684557676315
0.7795246839523315
-0.056838516145944595
-0.05683844909071922
0.5345173478126526
0.375
1.0
42
-0.09182051569223404
-0.06135241314768791
-0.7795246839523315
-0.06683501601219177
-0.04465765878558159
-0.5345173478126526
0.34375
0.5
i40
43
-0.09182051569223404
-0.06135241314768791
0.7795246839523315
-0.06683501601219177
-0.04465766251087189
0.5345171689987183
0.34375
1.0
44
-0.10202547907829285
-0.04226024076342583
-0.7795246839523315
-0.07426309585571289
-0.03076070360839367
-0.534517228603363
0.3125
0.5
i42
45
-0.10202547907829285
-0.04226024076342583
0.7795246839523315
-0.0742630809545517
-0.03076069988310337
0.5345173478126526
0.3125
1.0
46
-0.10830964893102646
-0.02154402993619442
-0.7795246839523315
-0.07883723825216293
-0.01568162813782692
-0.5345174670219421
0.28125
0.5
i44
47
-0.10830964893102646
-0.02154402993619442
0.7795246839523315
-0.07883726060390472
-0.01568162813782692
0.5345172882080078
0.28125
1.0
48
-0.11043154448270798
1.0663260496812654e-07
-0.7795246839523315
-0.08038175851106644
7.252760525489066e-08
-0.5345172882080078
0.25
0.5
i46
49
-0.11043154448270798
1.0663260496812654e-07
0.7795246839523315
-0.08038175106048584
7.470653429209051e-08
0.5345174074172974
0.25
1.0
50
-0.10830961167812347
0.021544238552451134
-0.7795246839523315
-0.07883721590042114
0.015681784600019455
-0.5345174074172974
0.21875
0.5
i48
51
-0.10830961167812347
0.021544238552451134
0.7795246839523315
-0.07883723080158234
0.015681790187954903
0.534517228603363
0.21875
1.0
52
-0.10202539712190628
0.042260438203811646
-0.7795246839523315
-0.07426302880048752
0.03076084889471531
-0.5345173478126526
0.1875
0.5
i50
53
-0.10202539712190628
0.042260438203811646
0.7795246839523315
-0.07426302134990692
0.03076084516942501
0.5345173478126526
0.1875
1.0
54
-0.09182039648294449
0.06135259196162224
-0.7795246839523315
-0.0668349415063858
0.04465779289603233
-0.5345171689987183
0.15625
0.5
i52
55
-0.09182039648294449
0.06135259196162224
0.7795246839523315
-0.0668349415063858
0.04465779662132263
0.534517228603363
0.15625
1.0
56
-0.07808679342269897
0.07808699458837509
-0.7795246839523315
-0.056838419288396835
0.05683856084942818
-0.5345172882080078
0.125
0.5
i54
57
-0.07808679342269897
0.07808699458837509
0.7795246839523315
-0.05683841183781624
0.05683856084942818
0.5345171689987183
0.125
1.0
58
-0.06135235354304314
0.09182056039571762
-0.7795246839523315
-0.044657617807388306
0.06683502346277237
-0.5345174670219421
0.09375
0.5
i56
59
-0.06135235354304314
0.09182056039571762
0.7795246839523315
-0.0446576289832592
0.06683505326509476
0.5345171689987183
0.09375
1.0
60
-0.042260173708200455
0.10202550888061523
-0.7795246839523315
-0.03076065331697464
0.07426311820745468
-0.5345171689987183
0.0625
0.5
i58
61
-0.10202539712190628
0.042260438203811646
0.7795246839523315
-0.07426302134990692
0.03076084516942501
0.5345173478126526
0.028269022703170776
0.34184426069259644
62
-0.04226037114858627
-0.10202541947364807
0.7795246839523315
-0.030760789290070534
-0.07426301389932632
0.5345175266265869
0.1581558734178543
0.028268963098526
63
0.10202544927597046
-0.0422603040933609
0.7795246839523315
0.0742630660533905
-0.030760755762457848
0.5345172882080078
0.4717310965061188
0.15815600752830505
64
-0.042260173708200455
0.10202550888061523
0.7795246839523315
-0.03076065145432949
0.07426310330629349
0.5345174074172974
0.0625
1.0
65
-0.02154395915567875
0.10830966383218765
-0.7795246839523315
-0.015681607648730278
0.07883723080158234
-0.5345174670219421
0.03125
0.5
i60
66
-0.02154395915567875
0.10830966383218765
0.7795246839523315
-0.015681609511375427
0.07883724570274353
0.5345174074172974
0.03125
1.0
67
0.0
0.11043154448270798
-0.7795246839523315
3.067277987156558e-08
0.08038175106048584
-0.5345174074172974
0.0
0.5
i65
68
0.10830962657928467
0.02154412865638733
-0.7795246839523315
0.07883726805448532
0.015681715682148933
-0.5345171093940735
0.985388457775116
0.2968216836452484
69
0.02154409885406494
-0.10830963402986526
-0.7795246839523315
0.0156816728413105
-0.07883720844984055
-0.5345175862312317
0.7968215942382812
0.01461152732372284
70
-0.10830964893102646
-0.02154402993619442
-0.7795246839523315
-0.07883723825216293
-0.01568162813782692
-0.5345174670219421
0.5146114826202393
0.2031785249710083
i0
i3
i1
i3
i5
i4
i5
i7
i6
i7
i9
i8
i9
i11
i10
i11
i13
i12
i13
i15
i14
i15
i17
i16
i17
i19
i18
i19
i21
i20
i21
i23
i22
i23
i25
i24
i25
i27
i26
i27
i29
i28
i29
i31
i30
i31
i33
i32
i33
i35
i34
i35
i37
i36
i37
i39
i38
i39
i41
i40
i41
i43
i42
i43
i45
i44
i45
i47
i46
i47
i49
i48
i49
i51
i50
i51
i53
i52
i53
i55
i54
i55
i57
i56
i57
i59
i58
i59
i64
i60
71
0.04226032644510269
0.10202544182538986
0.7795246839523315
0.030760765075683594
0.0742630660533905
0.5345172882080078
0.34184402227401733
0.4717310667037964
72
0.02154412493109703
0.10830962657928467
0.7795246839523315
0.015681710094213486
0.07883724570274353
0.5345173478126526
0.2968216836452484
0.48538845777511597
73
0.0
0.11043154448270798
0.7795246839523315
3.141505189319105e-08
0.08038175851106644
0.5345172882080078
0.25
0.49000000953674316
i73
74
-0.02154395915567875
0.10830966383218765
0.7795246839523315
-0.015681609511375427
0.07883724570274353
0.5345174074172974
0.20317868888378143
0.48538851737976074
i71
i74
75
-0.042260173708200455
0.10202550888061523
0.7795246839523315
-0.03076065145432949
0.07426310330629349
0.5345174074172974
0.15815630555152893
0.4717312157154083
i71
i75
76
-0.06135235354304314
0.09182056039571762
0.7795246839523315
-0.0446576289832592
0.06683505326509476
0.5345171689987183
0.11666341125965118
0.44955289363861084
77
-0.07808679342269897
0.07808699458837509
0.7795246839523315
-0.05683841183781624
0.05683856084942818
0.5345171689987183
0.08029459416866302
0.4197058379650116
i77
78
-0.09182039648294449
0.06135259196162224
0.7795246839523315
-0.0668349415063858
0.04465779662132263
0.534517228603363
0.05044746398925781
0.3833370804786682
i61
i61
79
-0.10830961167812347
0.021544238552451134
0.7795246839523315
-0.07883723080158234
0.015681790187954903
0.534517228603363
0.014611586928367615
0.2968219220638275
80
-0.11043154448270798
1.0663260496812654e-07
0.7795246839523315
-0.08038175106048584
7.470653429209051e-08
0.5345174074172974
0.01000000536441803
0.2500002384185791
i80
81
-0.10830964893102646
-0.02154402993619442
0.7795246839523315
-0.07883726060390472
-0.01568162813782692
0.5345172882080078
0.014611497521400452
0.2031785249710083
i61
i81
82
-0.10202547907829285
-0.04226024076342583
0.7795246839523315
-0.0742630809545517
-0.03076069988310337
0.5345173478126526
0.02826884388923645
0.158156156539917
i61
i82
83
-0.09182051569223404
-0.06135241314768791
0.7795246839523315
-0.06683501601219177
-0.04465766251087189
0.5345171689987183
0.05044719576835632
0.11666329205036163
i62
i83
84
-0.07808694243431091
-0.07808684557676315
0.7795246839523315
-0.056838516145944595
-0.05683844909071922
0.5345173478126526
0.08029426634311676
0.08029447495937347
i62
i84
85
-0.06135253235697746
-0.09182044118642807
0.7795246839523315
-0.044657740741968155
-0.06683497130870819
0.534517228603363
0.11666302382946014
0.05044737458229065
i62
i62
86
-0.021544169634580612
-0.10830962657928467
0.7795246839523315
-0.015681739896535873
-0.07883723825216293
0.534517228603363
0.20317822694778442
0.014611557126045227
87
-3.598316666852952e-08
-0.11043154448270798
0.7795246839523315
-2.5668391856470407e-08
-0.08038172870874405
0.5345174074172974
0.24999992549419403
0.01000000536441803
i87
88
0.02154409885406494
-0.10830963402986526
0.7795246839523315
0.01568167842924595
-0.07883724570274353
0.5345172882080078
0.29682162404060364
0.01461152732372284
89
0.0422603040933609
-0.10202545672655106
0.7795246839523315
0.030760738998651505
-0.07426304370164871
0.5345174670219421
0.34184399247169495
0.028268888592720032
i89
90
0.06135247275233269
-0.09182047843933105
0.7795246839523315
0.04465771093964577
-0.06683498620986938
0.534517228603363
0.3833368420600891
0.050447285175323486
91
0.07808689028024673
-0.07808689028024673
0.7795246839523315
0.056838490068912506
-0.056838490068912506
0.5345173478126526
0.4197056293487549
0.08029438555240631
i91
92
0.09182047843933105
-0.06135247275233269
0.7795246839523315
0.06683499366044998
-0.04465770721435547
0.534517228603363
0.4495527148246765
0.11666315793991089
i63
i63
93
0.10830963402986526
-0.021544111892580986
0.7795246839523315
0.07883725315332413
-0.01568170078098774
0.5345171689987183
0.48538845777511597
0.20317834615707397
94
0.11043154448270798
8.33734947747189e-09
0.7795246839523315
0.08038175851106644
1.1110202535746794e-08
0.5345172882080078
0.49000000953674316
0.2500000298023224
i94
95
0.10830962657928467
0.02154412865638733
0.7795246839523315
0.07883724570274353
0.015681710094213486
0.5345172882080078
0.48538845777511597
0.2968216836452484
i63
i95
96
0.10202544182538986
0.04226032271981239
0.7795246839523315
0.07426305115222931
0.03076075203716755
0.5345174074172974
0.4717310667037964
0.34184402227401733
i63
i96
97
0.09182047843933105
0.06135247275233269
0.7795246839523315
0.06683499366044998
0.04465770721435547
0.534517228603363
0.4495527148246765
0.3833368420600891
98
0.07808689028024673
0.07808689028024673
0.7795246839523315
0.05683848261833191
0.05683848261833191
0.5345174074172974
0.4197056293487549
0.4197056293487549
i98
99
0.061352480202913284
0.09182047098875046
0.7795246839523315
0.044657714664936066
0.06683498620986938
0.534517228603363
0.3833368420600891
0.4495527148246765
i71
i75
i77
i71
i77
i61
i71
i62
i87
i63
i87
i89
i63
i89
i91
i63
i96
i98
i63
i98
i71
i63
i61
i82
i62
i71
i61
i63
i64
i66
i65
i66
100
0.0
0.11043154448270798
0.7795246839523315
3.141505189319105e-08
0.08038175851106644
0.5345172882080078
0.0
1.0
i67
101
-0.02154395915567875
0.10830966383218765
-0.7795246839523315
-0.015681607648730278
0.07883723080158234
-0.5345174670219421
0.7031787037849426
0.48538851737976074
102
0.0
0.11043154448270798
-0.7795246839523315
3.067277987156558e-08
0.08038175106048584
-0.5345174074172974
0.75
0.49000000953674316
103
0.02154412493109703
0.10830962657928467
-0.7795246839523315
0.01568170264363289
0.07883723080158234
-0.5345174074172974
0.796821653842926
0.48538845777511597
i103
104
0.04226032644510269
0.10202544182538986
-0.7795246839523315
0.030760765075683594
0.0742630660533905
-0.5345173478126526
0.8418440222740173
0.4717310667037964
105
0.061352480202913284
0.09182047098875046
-0.7795246839523315
0.04465770721435547
0.06683497875928879
-0.5345174074172974
0.8833368420600891
0.4495527148246765
i105
106
0.07808689028024673
0.07808689028024673
-0.7795246839523315
0.056838490068912506
0.056838490068912506
-0.5345172882080078
0.9197056293487549
0.4197056293487549
107
0.09182047843933105
0.06135247275233269
-0.7795246839523315
0.06683500856161118
0.044657714664936066
-0.5345171689987183
0.9495527148246765
0.3833368420600891
i107
108
0.10202544182538986
0.04226032271981239
-0.7795246839523315
0.07426305115222931
0.030760759487748146
-0.5345173478126526
0.9717310667037964
0.34184402227401733
i105
i108
i68
i105
i68
109
0.11043154448270798
8.33734947747189e-09
-0.7795246839523315
0.08038175851106644
1.345675482156139e-08
-0.534517228603363
0.9900000095367432
0.2500000298023224
110
0.10830963402986526
-0.021544111892580986
-0.7795246839523315
0.07883724570274353
-0.01568169891834259
-0.534517228603363
0.985388457775116
0.20317834615707397
i110
111
0.10202544927597046
-0.0422603040933609
-0.7795246839523315
0.0742630660533905
-0.030760759487748146
-0.5345172882080078
0.9717310667037964
0.15815600752830505
i68
i111
112
0.09182047843933105
-0.06135247275233269
-0.7795246839523315
0.06683500856161118
-0.04465771093964577
-0.5345171689987183
0.9495527148246765
0.11666315793991089
i68
i112
113
0.07808689028024673
-0.07808689028024673
-0.7795246839523315
0.056838490068912506
-0.056838490068912506
-0.534517228603363
0.9197056293487549
0.08029438555240631
i69
i113
114
0.06135247275233269
-0.09182047843933105
-0.7795246839523315
0.04465770721435547
-0.06683497875928879
-0.5345173478126526
0.8833368420600891
0.050447285175323486
i69
i114
115
0.0422603040933609
-0.10202545672655106
-0.7795246839523315
0.03076075203716755
-0.0742630735039711
-0.534517228603363
0.8418439626693726
0.028268888592720032
i69
i69
116
-3.598316666852952e-08
-0.11043154448270798
-0.7795246839523315
-2.348945749020004e-08
-0.08038175851106644
-0.5345171689987183
0.7499999403953552
0.01000000536441803
117
-0.021544169634580612
-0.10830962657928467
-0.7795246839523315
-0.015681736171245575
-0.07883722335100174
-0.5345174074172974
0.7031782269477844
0.014611557126045227
i117
118
-0.04226037114858627
-0.10202541947364807
-0.7795246839523315
-0.03076079860329628
-0.07426304370164871
-0.5345172882080078
0.6581558585166931
0.028268963098526
119
-0.06135253235697746
-0.09182044118642807
-0.7795246839523315
-0.04465774446725845
-0.06683497875928879
-0.5345171689987183
0.6166630387306213
0.05044737458229065
i119
120
-0.07808694243431091
-0.07808684557676315
-0.7795246839523315
-0.05683852359652519
-0.05683844909071922
-0.5345172882080078
0.5802942514419556
0.08029447495937347
121
-0.09182051569223404
-0.06135241314768791
-0.7795246839523315
-0.06683501601219177
-0.04465765878558159
-0.5345173478126526
0.5504472255706787
0.11666329205036163
i121
122
-0.10202547907829285
-0.04226024076342583
-0.7795246839523315
-0.07426309585571289
-0.03076070360839367
-0.534517228603363
0.5282688140869141
0.158156156539917
i70
i70
123
-0.11043154448270798
1.0663260496812654e-07
-0.7795246839523315
-0.08038175851106644
7.252760525489066e-08
-0.5345172882080078
0.5099999904632568
0.2500002384185791
124
-0.10830961167812347
0.021544238552451134
-0.7795246839523315
-0.07883721590042114
0.015681784600019455
-0.5345174074172974
0.5146116018295288
0.2968219220638275
i124
125
-0.10202539712190628
0.042260438203811646
-0.7795246839523315
-0.07426302880048752
0.03076084889471531
-0.5345173478126526
0.5282690525054932
0.34184426069259644
126
-0.09182039648294449
0.06135259196162224
-0.7795246839523315
-0.0668349415063858
0.04465779289603233
-0.5345171689987183
0.5504474639892578
0.3833370804786682
i126
127
-0.07808679342269897
0.07808699458837509
-0.7795246839523315
-0.056838419288396835
0.05683856084942818
-0.5345172882080078
0.5802946090698242
0.4197058379650116
i101
i127
128
-0.06135235354304314
0.09182056039571762
-0.7795246839523315
-0.044657617807388306
0.06683502346277237
-0.5345174670219421
0.61666339635849
0.44955289363861084
i101
i128
129
-0.042260173708200455
0.10202550888061523
-0.7795246839523315
-0.03076065331697464
0.07426311820745468
-0.5345171689987183
0.6581562757492065
0.4717312157154083
i101
i101
i103
i105
i69
i117
i70
i117
i119
i70
i119
i121
i70
i70
i124
i101
i124
i126
i101
i101
i105
i68
i68
i112
i69
i101
i68
i70
mesh name=Cylinder.001
0
0.039009202271699905
-1.503761887550354
0.9507095813751221
0.020848030224442482
-0.9868782162666321
0.9684228897094727
1.0
0.5
1
0.009465128183364868
0.06802334636449814
0.695843517780304
0.020450400188565254
-0.3611094653606415
0.7307010293006897
0.96875
1.0
2
0.036548469215631485
-1.503231167793274
0.9488651752471924
0.016065889969468117
-1.4587764739990234
0.8901612758636475
0.96875
0.5
i1
3
0.04267038032412529
-1.5009572505950928
0.9439359307289124
-0.0015639893244951963
-1.330690860748291
0.8328549861907959
0.9375
0.5
i2
4
0.02990090288221836
0.06957711279392242
0.7021238803863525
0.03717755526304245
-0.34617358446121216
0.7358579635620117
0.9375
1.0
5
0.05618969351053238
-1.498379111289978
0.9345475435256958
0.0008980618440546095
-1.3210004568099976
0.8284058570861816
0.90625
0.5
i3
6
0.04867924749851227
0.07161295413970947
0.7122341394424438
0.05237186327576637
-0.3234666883945465
0.744427502155304
0.90625
1.0
7
0.0701449066400528
-1.4979770183563232
0.9273895621299744
0.026106301695108414
-1.2918404340744019
0.8134744763374329
0.875
0.5
i5
i7
8
0.07845351099967957
0.07681763172149658
0.742281436920166
0.07685339450836182
-0.2887190580368042
0.7706400156021118
0.84375
1.0
9
0.0777987614274025
-1.5009976625442505
0.9307435154914856
0.0992855429649353
-1.26253342628479
0.8502721786499023
0.84375
0.5
i9
10
0.08830741047859192
0.07979708909988403
0.76107257604599
0.08481213450431824
-0.274793416261673
0.7875457406044006
0.8125
1.0
11
0.0754009261727333
-1.5084096193313599
0.9455081224441528
0.10170022398233414
-1.2660746574401855
0.9084855914115906
0.8125
0.5
i11
12
0.09426464140415192
0.08288637548685074
0.78144371509552
0.08995640277862549
-0.27132683992385864
0.8054157495498657
0.78125
1.0
13
0.06335776299238205
-1.520912766456604
0.9653128385543823
0.09064511209726334
-1.2549750804901123
0.9302123785018921
0.78125
0.5
i13
14
0.09610658884048462
0.085973359644413
0.802609920501709
0.09172627329826355
-0.2709321677684784
0.8230113387107849
0.75
1.0
15
0.049629516899585724
-1.5352425575256348
0.9779324531555176
0.08512330800294876
-1.2870724201202393
0.9320859909057617
0.75
0.5
i15
16
0.09377200156450272
0.0889432430267334
0.8237543106079102
0.08936257660388947
-0.26293259859085083
0.8389633893966675
0.71875
1.0
17
0.044151388108730316
-1.5436004400253296
0.9829519391059875
0.05819809064269066
-1.4592880010604858
0.8908816576004028
0.71875
0.5
i16
18
0.047611359506845474
-1.5408116579055786
0.9842522740364075
0.06480439007282257
-1.3874889612197876
0.849243700504303
0.6875
0.5
i17
i18
19
0.07710417360067368
0.09408043324947357
0.8627448678016663
0.07203828543424606
-0.22192898392677307
0.8669983744621277
0.65625
1.0
20
0.05632071942090988
-1.5292426347732544
0.9852103590965271
0.07105863094329834
-1.2985721826553345
0.8268366456031799
0.65625
0.5
i20
21
0.06340553611516953
0.09603860229253769
0.8790881633758545
0.05835935100913048
-0.1970231831073761
0.8775701522827148
0.625
1.0
22
0.061885397881269455
-1.5177148580551147
0.9883405566215515
0.11069169640541077
-1.1999250650405884
0.85927814245224
0.625
0.5
i22
23
0.046779658645391464
0.09747269004583359
0.892462432384491
0.043219033628702164
-0.17917215824127197
0.8861008882522583
0.59375
1.0
24
0.060252297669649124
-1.5109256505966187
0.9929361343383789
0.09404399991035461
-1.1562271118164062
0.9355288147926331
0.59375
0.5
i24
25
0.027860116213560104
0.09832029789686203
0.9023551940917969
0.027462756261229515
-0.16891324520111084
0.892422616481781
0.5625
1.0
26
0.05385316163301468
-1.5081709623336792
0.9969545006752014
0.06461063772439957
-1.1608693599700928
0.9569860100746155
0.5625
0.5
i26
27
0.007372081279754639
0.09854375571012497
0.9083883166313171
0.011267494410276413
-0.16368606686592102
0.8962491750717163
0.53125
1.0
28
0.04621338099241257
-1.5073938369750977
0.9994516968727112
0.04607357457280159
-1.1590443849563599
0.963129460811615
0.53125
0.5
i28
29
-0.0138959726318717
0.09813173115253448
0.9103317856788635
-0.00520230270922184
-0.1623063087463379
0.8974536657333374
0.5
1.0
30
0.03889385238289833
-1.507375955581665
1.0002593994140625
0.02748660370707512
-1.1581841707229614
0.9650382399559021
0.5
0.5
i29
31
0.031600091606378555
-1.5078905820846558
0.9993565082550049
0.009017588570713997
-1.1603039503097534
0.9628881812095642
0.46875
0.5
i30
32
-0.03512367606163025
0.09709914028644562
0.908111572265625
-0.0215312410145998
-0.1648012101650238
0.8960356116294861
0.46875
1.0
33
0.024053093045949936
-1.5091840028762817
0.9967604279518127
-0.009297418408095837
-1.163381814956665
0.956504762172699
0.4375
0.5
i31
34
-0.0554923415184021
0.09548678994178772
0.9018123745918274
-0.03730662539601326
-0.17111486196517944
0.8920007944107056
0.4375
1.0
35
0.01788925938308239
-1.5123658180236816
0.9926602840423584
-0.03876647725701332
-1.1607425212860107
0.9346641898155212
0.40625
0.5
i33
36
-0.07421819120645523
0.09335945546627045
0.8916744589805603
-0.05228722095489502
-0.18241871893405914
0.8854789733886719
0.40625
1.0
37
0.016753030940890312
-1.5192490816116333
0.9880466461181641
-0.05003933981060982
-1.2217687368392944
0.8632152676582336
0.375
0.5
i35
i37
38
-0.10396620631217957
0.08792507648468018
0.8615657091140747
-0.07737390697002411
-0.21715609729290009
0.8649747371673584
0.34375
1.0
39
0.02309790812432766
-1.530372142791748
0.9849940538406372
-0.0037555908784270287
-1.322706699371338
0.8317682147026062
0.34375
0.5
i39
40
-0.11385826021432877
0.08484195917844772
0.842750072479248
-0.08673794567584991
-0.24611885845661163
0.8520846366882324
0.3125
1.0
41
0.032562222331762314
-1.5413233041763306
0.9841542840003967
0.008388045243918896
-1.394177794456482
0.8496174216270447
0.3125
0.5
i41
42
-0.11988565325737
0.08168010413646698
0.8223628997802734
-0.09233088791370392
-0.26910942792892456
0.837780237197876
0.28125
1.0
43
0.03621119260787964
-1.543870210647583
0.9829002618789673
0.017487110570073128
-1.46067214012146
0.890616774559021
0.28125
0.5
i42
44
0.030239807441830635
-1.5359017848968506
0.9778061509132385
-0.021174535155296326
-1.290712594985962
0.9313825964927673
0.25
0.5
i43
45
-0.12181773781776428
0.07856517285108566
0.8011907935142517
-0.09400814771652222
-0.27724578976631165
0.8218017220497131
0.25
1.0
46
0.01571405492722988
-1.5225322246551514
0.9650024771690369
-0.028747908771038055
-1.2592450380325317
0.9294371604919434
0.21875
0.5
i44
47
-0.11957494169473648
0.07561704516410828
0.7800511121749878
-0.09204941987991333
-0.27751365303993225
0.8042304515838623
0.21875
1.0
48
0.003058608854189515
-1.5108686685562134
0.9450368881225586
-0.03887524455785751
-1.2708537578582764
0.9075698852539062
0.1875
0.5
i46
49
-0.113233782351017
0.07294583320617676
0.7597600817680359
-0.08651809394359589
-0.28061795234680176
0.7864300012588501
0.1875
1.0
50
0.00031560478964820504
-1.5036314725875854
0.9302389025688171
-0.036148473620414734
-1.2671372890472412
0.8493897318840027
0.15625
0.5
i48
51
-0.10302723199129105
0.07064831256866455
0.7410995364189148
-0.07749535888433456
-0.2939661145210266
0.7696348428726196
0.15625
1.0
52
0.007783608976751566
-1.5000966787338257
0.9269834756851196
0.03915105387568474
-1.2913966178894043
0.813559353351593
0.125
0.5
i50
i52
53
-0.07269227504730225
0.06748700886964798
0.7114437222480774
-0.05052105709910393
-0.3269643783569336
0.743757426738739
0.09375
1.0
54
0.021665336564183235
-1.499552607536316
0.9343228340148926
0.06609003990888596
-1.318784475326538
0.8288304209709167
0.09375
0.5
i54
55
-0.0537266805768013
0.06673424690961838
0.701579213142395
-0.03377706930041313
-0.34858575463294983
0.7353959083557129
0.0625
1.0
56
0.03523508831858635
-1.5012099742889404
0.9438875913619995
0.06954147666692734
-1.3317091464996338
0.8345463871955872
0.0625
0.5
57
0.09610658884048462
0.085973359644413
0.802609920501709
0.09172627329826355
-0.2709321677684784
0.8230113387107849
0.49000000953674316
0.2500000298023224
58
-0.011835949495434761
0.06700940430164337
0.6936296820640564
0.0024963165633380413
-0.3656437397003174
0.7288708686828613
0.25
0.49000000953674316
59
-0.12181773781776428
0.07856517285108566
0.8011907935142517
-0.09400814771652222
-0.27724578976631165
0.8218017220497131
0.01000000536441803
0.2500002384185791
i56
60
-0.03317571431398392
0.06657373905181885
0.6955657601356506
-0.01622135192155838
-0.3615947961807251
0.7304961681365967
0.03125
1.0
61
0.04144657775759697
-1.5030646324157715
0.9488971829414368
0.11835957318544388
-1.052605390548706
0.8979668617248535
0.03125
0.5
i61
62
-0.011835949495434761
0.06700940430164337
0.6936296820640564
0.0024963165633380413
-0.3656437397003174
0.7288708686828613
0.0
1.0
63
0.039009202271699905
-1.503761887550354
0.9507095813751221
0.020848030224442482
-0.9868782162666321
0.9684228897094727
0.0
0.5
64
0.01571405492722988
-1.5225322246551514
0.9650024771690369
-0.028747908771038055
-1.2592450380325317
0.9294371604919434
0.5146116018295288
0.2968219220638275
65
0.03523508831858635
-1.5012099742889404
0.9438875913619995
0.06954147666692734
-1.3317091464996338
0.8345463871955872
0.6581562757492065
0.4717312157154083
66
0.036548469215631485
-1.503231167793274
0.9488651752471924
0.016065889969468117
-1.4587764739990234
0.8901612758636475
0.796821653842926
0.48538845777511597
i0
67
-0.011835949495434761
0.06700940430164337
0.6936296820640564
0.0024963165633380413
-0.3656437397003174
0.7288708686828613
1.0
1.0
i1
i1
i4
i3
i4
i6
i5
i6
68
0.06507384032011032
0.07405615597963333
0.725791871547699
0.066609688103199
-0.3032307028770447
0.7570047974586487
0.875
1.0
i7
i7
i68
i8
i9
i8
i10
i11
i10
i12
i13
i12
i14
i15
i14
i16
i16
69
0.08735585957765579
0.09168209135532379
0.8440603613853455
0.08221796154975891
-0.24369855225086212
0.8543674349784851
0.6875
1.0
i18
i18
i69
i19
i20
i19
i21
i22
i21
i23
i24
i23
i25
i26
i25
i27
i28
i27
i29
i29
i32
i31
i32
i34
i33
i34
i36
i35
i36
70
-0.09058386832475662
0.0908038392663002
0.8780853748321533
-0.06534512341022491
-0.1958809345960617
0.876548171043396
0.375
1.0
i37
i37
i70
i38
i39
i38
i40
i41
i40
i42
i42
i45
i44
i45
i47
i46
i47
i49
i48
i49
i51
i50
i51
71
-0.08933927118778229
0.06880698353052139
0.7247862219810486
-0.0661851242184639
-0.307745099067688
0.7561399340629578
0.125
1.0
i52
i52
i71
i53
i54
i53
i55
72
0.02990090288221836
0.06957711279392242
0.7021238803863525
0.03717755526304245
-0.34617358446121216
0.7358579635620117
0.34184402227401733
0.4717310667037964
73
0.009465128183364868
0.06802334636449814
0.695843517780304
0.020450400188565254
-0.3611094653606415
0.7307010293006897
0.2968216836452484
0.48538845777511597
74
0.09426464140415192
0.08288637548685074
0.78144371509552
0.08995640277862549
-0.27132683992385864
0.8054157495498657
0.48538845777511597
0.2968216836452484
i73
i58
i57
i58
75
-0.03317571431398392
0.06657373905181885
0.6955657601356506
-0.01622135192155838
-0.3615947961807251
0.7304961681365967
0.20317868888378143
0.48538851737976074
i59
i75
76
-0.0537266805768013
0.06673424690961838
0.701579213142395
-0.03377706930041313
-0.34858575463294983
0.7353959083557129
0.15815630555152893
0.4717312157154083
77
-0.11957494169473648
0.07561704516410828
0.7800511121749878
-0.09204941987991333
-0.27751365303993225
0.8042304515838623
0.014611586928367615
0.2968219220638275
i77
i76
78
-0.113233782351017
0.07294583320617676
0.7597600817680359
-0.08651809394359589
-0.28061795234680176
0.7864300012588501
0.028269022703170776
0.34184426069259644
i76
79
-0.07269227504730225
0.06748700886964798
0.7114437222480774
-0.05052105709910393
-0.3269643783569336
0.743757426738739
0.11666341125965118
0.44955289363861084
i78
i79
80
-0.08933927118778229
0.06880698353052139
0.7247862219810486
-0.0661851242184639
-0.307745099067688
0.7561399340629578
0.08029459416866302
0.4197058379650116
i78
i80
81
-0.10302723199129105
0.07064831256866455
0.7410995364189148
-0.07749535888433456
-0.2939661145210266
0.7696348428726196
0.05044746398925781
0.3833370804786682
i78
i77
i59
i75
i59
82
-0.11988565325737
0.08168010413646698
0.8223628997802734
-0.09233088791370392
-0.26910942792892456
0.837780237197876
0.014611497521400452
0.2031785249710083
i57
i82
83
-0.11385826021432877
0.08484195917844772
0.842750072479248
-0.08673794567584991
-0.24611885845661163
0.8520846366882324
0.02826884388923645
0.158156156539917
84
0.09377200156450272
0.0889432430267334
0.8237543106079102
0.08936257660388947
-0.26293259859085083
0.8389633893966675
0.48538845777511597
0.20317834615707397
i57
i82
i84
i83
85
-0.10396620631217957
0.08792507648468018
0.8615657091140747
-0.07737390697002411
-0.21715609729290009
0.8649747371673584
0.05044719576835632
0.11666329205036163
86
0.08735585957765579
0.09168209135532379
0.8440603613853455
0.08221796154975891
-0.24369855225086212
0.8543674349784851
0.4717310965061188
0.15815600752830505
i85
87
-0.09058386832475662
0.0908038392663002
0.8780853748321533
-0.06534512341022491
-0.1958809345960617
0.876548171043396
0.08029426634311676
0.08029447495937347
88
0.07710417360067368
0.09408043324947357
0.8627448678016663
0.07203828543424606
-0.22192898392677307
0.8669983744621277
0.4495527148246765
0.11666315793991089
i86
i85
i88
i87
89
-0.07421819120645523
0.09335945546627045
0.8916744589805603
-0.05228722095489502
-0.18241871893405914
0.8854789733886719
0.11666302382946014
0.05044737458229065
90
0.06340553611516953
0.09603860229253769
0.8790881633758545
0.05835935100913048
-0.1970231831073761
0.8775701522827148
0.4197056293487549
0.08029438555240631
i89
91
-0.0554923415184021
0.09548678994178772
0.9018123745918274
-0.03730662539601326
-0.17111486196517944
0.8920007944107056
0.1581558734178543
0.028268963098526
92
0.046779658645391464
0.09747269004583359
0.892462432384491
0.043219033628702164
-0.17917215824127197
0.8861008882522583
0.3833368420600891
0.050447285175323486
i90
i89
i92
i91
93
-0.03512367606163025
0.09709914028644562
0.908111572265625
-0.0215312410145998
-0.1648012101650238
0.8960356116294861
0.20317822694778442
0.014611557126045227
94
-0.0138959726318717
0.09813173115253448
0.9103317856788635
-0.00520230270922184
-0.1623063087463379
0.8974536657333374
0.24999992549419403
0.01000000536441803
i94
95
0.007372081279754639
0.09854375571012497
0.9083883166313171
0.011267494410276413
-0.16368606686592102
0.8962491750717163
0.29682162404060364
0.01461152732372284
96
0.027860116213560104
0.09832029789686203
0.9023551940917969
0.027462756261229515
-0.16891324520111084
0.892422616481781
0.34184399247169495
0.028268888592720032
i96
i92
i91
i90
i88
i87
i86
i84
i83
i57
i74
i73
i74
97
0.08830741047859192
0.07979708909988403
0.76107257604599
0.08481213450431824
-0.274793416261673
0.7875457406044006
0.4717310667037964
0.34184402227401733
i72
i97
98
0.07845351099967957
0.07681763172149658
0.742281436920166
0.07685339450836182
-0.2887190580368042
0.7706400156021118
0.4495527148246765
0.3833368420600891
99
0.06507384032011032
0.07405615597963333
0.725791871547699
0.066609688103199
-0.3032307028770447
0.7570047974586487
0.4197056293487549
0.4197056293487549
i99
100
0.04867924749851227
0.07161295413970947
0.7122341394424438
0.05237186327576637
-0.3234666883945465
0.744427502155304
0.3833368420600891
0.4495527148246765
i97
i100
i72
i97
i91
i94
i96
i56
i55
i60
i61
i60
i62
101
0.04144657775759697
-1.5030646324157715
0.9488971829414368
0.11835957318544388
-1.052605390548706
0.8979668617248535
0.7031787037849426
0.48538851737976074
102
0.039009202271699905
-1.503761887550354
0.9507095813751221
0.020848030224442482
-0.9868782162666321
0.9684228897094727
0.75
0.49000000953674316
i66
i66
103
0.04267038032412529
-1.5009572505950928
0.9439359307289124
-0.0015639893244951963
-1.330690860748291
0.8328549861907959
0.8418440222740173
0.4717310667037964
104
0.06335776299238205
-1.520912766456604
0.9653128385543823
0.09064511209726334
-1.2549750804901123
0.9302123785018921
0.985388457775116
0.2968216836452484
i103
105
0.05618969351053238
-1.498379111289978
0.9345475435256958
0.0008980618440546095
-1.3210004568099976
0.8284058570861816
0.8833368420600891
0.4495527148246765
i104
i105
106
0.0701449066400528
-1.4979770183563232
0.9273895621299744
0.026106301695108414
-1.2918404340744019
0.8134744763374329
0.9197056293487549
0.4197056293487549
107
0.0754009261727333
-1.5084096193313599
0.9455081224441528
0.10170022398233414
-1.2660746574401855
0.9084855914115906
0.9717310667037964
0.34184402227401733
i106
108
0.0777987614274025
-1.5009976625442505
0.9307435154914856
0.0992855429649353
-1.26253342628479
0.8502721786499023
0.9495527148246765
0.3833368420600891
i107
i107
i104
i105
i104
109
0.049629516899585724
-1.5352425575256348
0.9779324531555176
0.08512330800294876
-1.2870724201202393
0.9320859909057617
0.9900000095367432
0.2500000298023224
i66
i109
110
0.044151388108730316
-1.5436004400253296
0.9829519391059875
0.05819809064269066
-1.4592880010604858
0.8908816576004028
0.985388457775116
0.20317834615707397
111
0.030239807441830635
-1.5359017848968506
0.9778061509132385
-0.021174535155296326
-1.290712594985962
0.9313825964927673
0.5099999904632568
0.2500002384185791
i66
i109
i111
112
0.047611359506845474
-1.5408116579055786
0.9842522740364075
0.06480439007282257
-1.3874889612197876
0.849243700504303
0.9717310667037964
0.15815600752830505
113
0.05632071942090988
-1.5292426347732544
0.9852103590965271
0.07105863094329834
-1.2985721826553345
0.8268366456031799
0.9495527148246765
0.11666315793991089
114
0.05385316163301468
-1.5081709623336792
0.9969545006752014
0.06461063772439957
-1.1608693599700928
0.9569860100746155
0.8418439626693726
0.028268888592720032
i113
115
0.061885397881269455
-1.5177148580551147
0.9883405566215515
0.11069169640541077
-1.1999250650405884
0.85927814245224
0.9197056293487549
0.08029438555240631
116
0.060252297669649124
-1.5109256505966187
0.9929361343383789
0.09404399991035461
-1.1562271118164062
0.9355288147926331
0.8833368420600891
0.050447285175323486
i113
i116
i114
i110
i112
117
0.03889385238289833
-1.507375955581665
1.0002593994140625
0.02748660370707512
-1.1581841707229614
0.9650382399559021
0.7499999403953552
0.01000000536441803
118
0.04621338099241257
-1.5073938369750977
0.9994516968727112
0.04607357457280159
-1.1590443849563599
0.963129460811615
0.7968215942382812
0.01461152732372284
i112
i114
i118
i117
i112
i117
119
0.031600091606378555
-1.5078905820846558
0.9993565082550049
0.009017588570713997
-1.1603039503097534
0.9628881812095642
0.7031782269477844
0.014611557126045227
120
0.032562222331762314
-1.5413233041763306
0.9841542840003967
0.008388045243918896
-1.394177794456482
0.8496174216270447
0.5282688140869141
0.158156156539917
i110
i117
121
0.03621119260787964
-1.543870210647583
0.9829002618789673
0.017487110570073128
-1.46067214012146
0.890616774559021
0.5146114826202393
0.2031785249710083
i119
122
0.024053093045949936
-1.5091840028762817
0.9967604279518127
-0.009297418408095837
-1.163381814956665
0.956504762172699
0.6581558585166931
0.028268963098526
i120
i122
123
0.01788925938308239
-1.5123658180236816
0.9926602840423584
-0.03876647725701332
-1.1607425212860107
0.9346641898155212
0.6166630387306213
0.05044737458229065
124
0.02309790812432766
-1.530372142791748
0.9849940538406372
-0.0037555908784270287
-1.322706699371338
0.8317682147026062
0.5504472255706787
0.11666329205036163
i120
i122
i124
i123
125
0.016753030940890312
-1.5192490816116333
0.9880466461181641
-0.05003933981060982
-1.2217687368392944
0.8632152676582336
0.5802942514419556
0.08029447495937347
i124
i65
i101
i66
126
0.007783608976751566
-1.5000966787338257
0.9269834756851196
0.03915105387568474
-1.2913966178894043
0.813559353351593
0.5802946090698242
0.4197058379650116
127
0.021665336564183235
-1.499552607536316
0.9343228340148926
0.06609003990888596
-1.318784475326538
0.8288304209709167
0.61666339635849
0.44955289363861084
128
0.003058608854189515
-1.5108686685562134
0.9450368881225586
-0.03887524455785751
-1.2708537578582764
0.9075698852539062
0.5282690525054932
0.34184426069259644
i127
i65
i64
i128
i127
i64
i128
129
0.00031560478964820504
-1.5036314725875854
0.9302389025688171
-0.036148473620414734
-1.2671372890472412
0.8493897318840027
0.5504474639892578
0.3833370804786682
i126
i111
i64
i66
i120
i121
i117
i121
i111
i110
mesh name=Cylinder.002
0
0.009858161211013794
-0.7176375985145569
0.8636598587036133
0.009858199395239353
-0.7333085536956787
1.1633286476135254
1.0
0.5
1
0.021071577444672585
-0.7892647981643677
2.1943113803863525
-0.013246270827949047
-0.7587398886680603
2.060098648071289
0.96875
1.0
2
0.029098117724061012
-0.7195277810096741
0.8636705279350281
0.024697111919522285
-0.7352686524391174
1.1571862697601318
0.96875
0.5
i2
3
0.031901221722364426
-0.7832900881767273
2.1979880332946777
-0.02156463824212551
-0.7569701671600342
2.030770778656006
0.9375
1.0
4
0.047590579837560654
-0.7251273989677429
0.8637014031410217
0.03982968255877495
-0.7409223914146423
1.144973635673523
0.9375
0.5
i4
5
0.04120625928044319
-0.7794078588485718
2.2024049758911133
0.006978989578783512
-0.7443827986717224
1.9989384412765503
0.90625
1.0
6
0.06461916118860245
-0.7342254519462585
0.8637495040893555
0.05445575714111328
-0.7494287490844727
1.1380494832992554
0.90625
0.5
i5
7
0.07952801883220673
-0.7464767694473267
0.8638100028038025
0.06649243831634521
-0.7595432996749878
1.13617742061615
0.875
0.5
i6
8
0.04646734520792961
-0.7819148302078247
2.2067372798919678
0.07044200599193573
-0.779595673084259
2.0069711208343506
0.875
1.0
9
0.09174814820289612
-0.7614135146141052
0.8638777136802673
0.0773879662156105
-0.7724201083183289
1.1393648386001587
0.84375
0.5
i7
10
0.04516291245818138
-0.7910140752792358
2.2111940383911133
0.07053185999393463
-0.8363094329833984
2.0501723289489746
0.84375
1.0
11
0.10081852972507477
-0.7784611582756042
0.863946795463562
0.08619774878025055
-0.7866801023483276
1.152072548866272
0.8125
0.5
i9
12
0.0364498533308506
-0.8035495281219482
2.2164504528045654
0.05741323158144951
-0.8536379337310791
2.068650245666504
0.8125
1.0
13
0.10640119016170502
-0.7969611287117004
0.8640126585960388
0.09214311093091965
-0.801791787147522
1.1687183380126953
0.78125
0.5
i11
14
0.024397563189268112
-0.8140639066696167
2.222658634185791
0.05462082847952843
-0.8430123329162598
2.1070754528045654
0.78125
1.0
15
0.10828985273838043
-0.816196858882904
0.8640716671943665
0.09404683858156204
-0.8159192800521851
1.1753005981445312
0.75
0.5
i13
i15
16
0.026672128587961197
-0.8277374505996704
2.2290151119232178
0.05292058363556862
-0.7704107165336609
2.055234670639038
0.71875
1.0
17
0.10641424357891083
-0.8354228138923645
0.8641226291656494
0.09174013137817383
-0.8306843042373657
1.1642684936523438
0.71875
0.5
i17
18
0.038270365446805954
-0.8373889327049255
2.227358102798462
0.06088788062334061
-0.772517740726471
2.0302162170410156
0.6875
1.0
19
0.10084167122840881
-0.8538951873779297
0.8641658425331116
0.08567328006029129
-0.8460664749145508
1.1475765705108643
0.6875
0.5
i19
20
0.04501062631607056
-0.8472827076911926
2.2255873680114746
0.07883237302303314
-0.8004082441329956
2.00742506980896
0.65625
1.0
21
0.09177640825510025
-0.8709015250205994
0.8642033338546753
0.0769348293542862
-0.8605738282203674
1.1374167203903198
0.65625
0.5
i21
22
0.044216569513082504
-0.8523640632629395
2.2257864475250244
0.04758594185113907
-0.8798283338546753
1.9857145547866821
0.625
1.0
23
0.07955625653266907
-0.8857892155647278
0.8642361164093018
0.06643576920032501
-0.8729821443557739
1.1347638368606567
0.625
0.5
i22
24
0.06464317440986633
-0.8979911804199219
0.8642646074295044
0.05376351252198219
-0.8838340044021606
1.138960838317871
0.59375
0.5
i23
25
0.03719330579042435
-0.8500109910964966
2.2284018993377686
-0.0209827683866024
-0.8756423592567444
2.032834053039551
0.59375
1.0
26
0.04760771989822388
-0.9070467948913574
0.8642873167991638
0.03951123729348183
-0.8926403522491455
1.1516412496566772
0.5625
0.5
i24
27
0.027156125754117966
-0.8411566615104675
2.232560396194458
-0.027586258947849274
-0.863098680973053
2.071371555328369
0.5625
1.0
28
0.02910694107413292
-0.9126178026199341
0.8643025159835815
0.02462654747068882
-0.8984056115150452
1.1668399572372437
0.53125
0.5
i26
29
0.017815787345170975
-0.8323293328285217
2.2357795238494873
-0.012661907821893692
-0.8587738275527954
2.122995376586914
0.53125
1.0
30
0.009858129546046257
-0.9144978523254395
0.864307701587677
0.009858176112174988
-0.9003879427909851
1.1737545728683472
0.5
0.5
i28
i30
31
0.0019005085341632366
-0.8323293328285217
2.2357795238494873
0.03237825632095337
-0.858773946762085
2.122994899749756
0.46875
1.0
32
-0.009390663355588913
-0.9126178026199341
0.8643025159835815
-0.00491027208045125
-0.8984056115150452
1.1668403148651123
0.46875
0.5
i32
33
-0.007439818233251572
-0.8411566615104675
2.232560396194458
0.04730257764458656
-0.8630986213684082
2.071371555328369
0.4375
1.0
34
-0.027891414240002632
-0.9070467948913574
0.8642873167991638
-0.019794905558228493
-0.8926402926445007
1.1516410112380981
0.4375
0.5
i34
35
-0.017477015033364296
-0.8500110507011414
2.2284018993377686
0.04069913551211357
-0.8756422996520996
2.032834053039551
0.40625
1.0
36
-0.04492689296603203
-0.8979911208152771
0.8642646074295044
-0.03404723107814789
-0.8838339447975159
1.138960838317871
0.40625
0.5
i36
37
-0.024500224739313126
-0.8523640632629395
2.2257864475250244
-0.027869293466210365
-0.8798285126686096
1.9857145547866821
0.375
1.0
38
-0.05983996018767357
-0.8857892155647278
0.8642361164093018
-0.046719491481781006
-0.8729821443557739
1.1347639560699463
0.375
0.5
i37
39
-0.07206009328365326
-0.8709014654159546
0.8642033338546753
-0.057218510657548904
-0.8605737686157227
1.1374163627624512
0.34375
0.5
i38
40
-0.025294329971075058
-0.8472827076911926
2.2255873680114746
-0.05911615118384361
-0.8004084229469299
2.007424831390381
0.34375
1.0
41
-0.08112533390522003
-0.8538951277732849
0.8641658425331116
-0.0659569576382637
-0.846066415309906
1.1475764513015747
0.3125
0.5
i39
42
-0.01855405420064926
-0.8373889327049255
2.227358341217041
-0.04117145389318466
-0.7725176215171814
2.0302162170410156
0.3125
1.0
43
-0.08669793605804443
-0.8354227542877197
0.8641226291656494
-0.07202380895614624
-0.8306843042373657
1.1642683744430542
0.28125
0.5
i41
44
-0.006955730263143778
-0.8277373909950256
2.2290151119232178
-0.03320429101586342
-0.7704108357429504
2.055234909057617
0.28125
1.0
45
-0.08857353776693344
-0.8161967992782593
0.8640716671943665
-0.07433059066534042
-0.8159192800521851
1.1753013134002686
0.25
0.5
i43
i45
46
-0.004681311547756195
-0.8140639066696167
2.22265887260437
-0.03490447252988815
-0.8430126905441284
2.1070749759674072
0.21875
1.0
47
-0.08668485283851624
-0.7969610691070557
0.8640126585960388
-0.07242675870656967
-0.8017916679382324
1.1687183380126953
0.21875
0.5
i47
48
-0.01673354208469391
-0.8035494685173035
2.2164506912231445
-0.03769691661000252
-0.8536377549171448
2.068650722503662
0.1875
1.0
49
-0.081102155148983
-0.7784610986709595
0.863946795463562
-0.06648141890764236
-0.7866800427436829
1.1520729064941406
0.1875
0.5
i49
50
-0.02544664777815342
-0.7910140156745911
2.2111940383911133
-0.05081561207771301
-0.8363093733787537
2.0501718521118164
0.15625
1.0
51
-0.07203173637390137
-0.7614133954048157
0.8638776540756226
-0.05767150968313217
-0.7724199891090393
1.139364242553711
0.15625
0.5
i51
52
-0.026751035824418068
-0.7819147706031799
2.2067372798919678
-0.050725411623716354
-0.7795947790145874
2.006969690322876
0.125
1.0
53
-0.059811584651470184
-0.7464767098426819
0.8638100028038025
-0.04677621275186539
-0.7595430016517639
1.1361799240112305
0.125
0.5
i53
54
-0.021489860489964485
-0.7794078588485718
2.2024052143096924
0.012738093733787537
-0.744382917881012
1.9989391565322876
0.09375
1.0
55
-0.04490270838141441
-0.734225332736969
0.8637493848800659
-0.03473929315805435
-0.7494288086891174
1.138048768043518
0.09375
0.5
i54
56
-0.02787412330508232
-0.7251273393630981
0.8637014031410217
-0.020113274455070496
-0.7409223914146423
1.144973635673523
0.0625
0.5
i55
57
0.026672128587961197
-0.8277374505996704
2.2290151119232178
0.05292058363556862
-0.7704107165336609
2.055234670639038
0.48538845777511597
0.20317834615707397
58
0.019356347620487213
-0.8209862112998962
2.2276535034179688
0.04286642372608185
-0.8027932047843933
2.1615912914276123
0.49000000953674316
0.2500000298023224
59
0.017815787345170975
-0.8323293328285217
2.2357795238494873
-0.012661907821893692
-0.8587738275527954
2.122995376586914
0.29682162404060364
0.01461152732372284
60
-0.012184817343950272
-0.7832901477813721
2.1979880332946777
0.04128102585673332
-0.756970226764679
2.030770778656006
0.0625
1.0
61
-0.009381633251905441
-0.7195277810096741
0.8636705279350281
-0.0049806698225438595
-0.7352686524391174
1.1571862697601318
0.03125
0.5
i56
62
-0.0013551869196817279
-0.7892648577690125
2.1943113803863525
0.03296252340078354
-0.7587398290634155
2.060098648071289
0.03125
1.0
63
0.009858161211013794
-0.7176375985145569
0.8636598587036133
0.009858199395239353
-0.7333085536956787
1.1633286476135254
0.0
0.5
i61
64
0.009858161211013794
-0.7176375985145569
0.8636598587036133
0.009858199395239353
-0.7333085536956787
1.1633286476135254
0.75
0.49000000953674316
65
0.10640119016170502
-0.7969611287117004
0.8640126585960388
0.09214311093091965
-0.801791787147522
1.1687183380126953
0.985388457775116
0.2968216836452484
66
-0.08668485283851624
-0.7969610691070557
0.8640126585960388
-0.07242675870656967
-0.8017916679382324
1.1687183380126953
0.5146116018295288
0.2968219220638275
i0
67
0.009858163073658943
-0.7919161319732666
2.1928513050079346
0.009858105331659317
-0.7572166919708252
2.075244665145874
1.0
1.0
i1
i2
i1
i3
i4
i3
i5
i5
i8
i7
i8
i10
i9
i10
i12
i11
i12
i14
i13
i14
68
0.019356347620487213
-0.8209862112998962
2.2276535034179688
0.04286642372608185
-0.8027932047843933
2.1615912914276123
0.75
1.0
i15
i15
i68
i16
i17
i16
i18
i19
i18
i20
i21
i20
i22
i22
i25
i24
i25
i27
i26
i27
i29
i28
i29
69
0.009858153760433197
-0.829117476940155
2.2367374897003174
0.009858177043497562
-0.8532968163490295
2.158243179321289
0.5
1.0
i30
i30
i69
i31
i32
i31
i33
i34
i33
i35
i36
i35
i37
i37
i40
i39
i40
i42
i41
i42
i44
i43
i44
70
0.00035999264218844473
-0.8209862112998962
2.2276535034179688
-0.023150036111474037
-0.8027935028076172
2.1615917682647705
0.25
1.0
i45
i45
i70
i46
i47
i46
i48
i49
i48
i50
i51
i50
i52
i53
i52
i54
i54
i60
i56
71
-0.0013551869196817279
-0.7892648577690125
2.1943113803863525
0.03296252340078354
-0.7587398290634155
2.060098648071289
0.20317868888378143
0.48538851737976074
72
-0.012184817343950272
-0.7832901477813721
2.1979880332946777
0.04128102585673332
-0.756970226764679
2.030770778656006
0.15815630555152893
0.4717312157154083
73
-0.01673354208469391
-0.8035494685173035
2.2164506912231445
-0.03769691661000252
-0.8536377549171448
2.068650722503662
0.028269022703170776
0.34184426069259644
i72
74
-0.021489860489964485
-0.7794078588485718
2.2024052143096924
0.012738093733787537
-0.744382917881012
1.9989391565322876
0.11666341125965118
0.44955289363861084
75
-0.02544664777815342
-0.7910140156745911
2.2111940383911133
-0.05081561207771301
-0.8363093733787537
2.0501718521118164
0.05044746398925781
0.3833370804786682
i74
76
-0.026751035824418068
-0.7819147706031799
2.2067372798919678
-0.050725411623716354
-0.7795947790145874
2.006969690322876
0.08029459416866302
0.4197058379650116
i75
i75
i73
i72
i73
77
-0.004681311547756195
-0.8140639066696167
2.22265887260437
-0.03490447252988815
-0.8430126905441284
2.1070749759674072
0.014611586928367615
0.2968219220638275
i71
i71
i77
78
0.009858163073658943
-0.7919161319732666
2.1928513050079346
0.009858105331659317
-0.7572166919708252
2.075244665145874
0.25
0.49000000953674316
i77
79
0.00035999264218844473
-0.8209862112998962
2.2276535034179688
-0.023150036111474037
-0.8027935028076172
2.1615917682647705
0.01000000536441803
0.2500002384185791
80
0.024397563189268112
-0.8140639066696167
2.222658634185791
0.05462082847952843
-0.8430123329162598
2.1070754528045654
0.48538845777511597
0.2968216836452484
i78
i77
i80
81
-0.006955730263143778
-0.8277373909950256
2.2290151119232178
-0.03320429101586342
-0.7704108357429504
2.055234909057617
0.014611497521400452
0.2031785249710083
82
-0.01855405420064926
-0.8373889327049255
2.227358341217041
-0.04117145389318466
-0.7725176215171814
2.0302162170410156
0.02826884388923645
0.158156156539917
83
-0.007439818233251572
-0.8411566615104675
2.232560396194458
0.04730257764458656
-0.8630986213684082
2.071371555328369
0.1581558734178543
0.028268963098526
i82
84
-0.025294329971075058
-0.8472827076911926
2.2255873680114746
-0.05911615118384361
-0.8004084229469299
2.007424831390381
0.05044719576835632
0.11666329205036163
85
-0.017477015033364296
-0.8500110507011414
2.2284018993377686
0.04069913551211357
-0.8756422996520996
2.032834053039551
0.11666302382946014
0.05044737458229065
i83
i82
i85
86
0.021071577444672585
-0.7892647981643677
2.1943113803863525
-0.013246270827949047
-0.7587398886680603
2.060098648071289
0.2968216836452484
0.48538845777511597
i78
i80
i79
i81
87
0.0019005085341632366
-0.8323293328285217
2.2357795238494873
0.03237825632095337
-0.858773946762085
2.122994899749756
0.20317822694778442
0.014611557126045227
i87
i81
i83
i84
88
-0.024500224739313126
-0.8523640632629395
2.2257864475250244
-0.027869293466210365
-0.8798285126686096
1.9857145547866821
0.08029426634311676
0.08029447495937347
i85
89
0.031901221722364426
-0.7832900881767273
2.1979880332946777
-0.02156463824212551
-0.7569701671600342
2.030770778656006
0.34184402227401733
0.4717310667037964
i86
90
0.0364498533308506
-0.8035495281219482
2.2164504528045654
0.05741323158144951
-0.8536379337310791
2.068650245666504
0.4717310667037964
0.34184402227401733
i79
i87
91
0.009858153760433197
-0.829117476940155
2.2367374897003174
0.009858177043497562
-0.8532968163490295
2.158243179321289
0.24999992549419403
0.01000000536441803
92
0.04120625928044319
-0.7794078588485718
2.2024049758911133
0.006978989578783512
-0.7443827986717224
1.9989384412765503
0.3833368420600891
0.4495527148246765
i89
93
0.04516291245818138
-0.7910140752792358
2.2111940383911133
0.07053185999393463
-0.8363094329833984
2.0501723289489746
0.4495527148246765
0.3833368420600891
i86
i80
i90
i93
94
0.04646734520792961
-0.7819148302078247
2.2067372798919678
0.07044200599193573
-0.779595673084259
2.0069711208343506
0.4197056293487549
0.4197056293487549
i92
i90
i93
i89
i79
i91
i58
i80
i79
i58
i59
95
0.027156125754117966
-0.8411566615104675
2.232560396194458
-0.027586258947849274
-0.863098680973053
2.071371555328369
0.34184399247169495
0.028268888592720032
i57
i95
96
0.03719330579042435
-0.8500109910964966
2.2284018993377686
-0.0209827683866024
-0.8756423592567444
2.032834053039551
0.3833368420600891
0.050447285175323486
97
0.038270365446805954
-0.8373889327049255
2.227358102798462
0.06088788062334061
-0.772517740726471
2.0302162170410156
0.4717310965061188
0.15815600752830505
i97
i96
98
0.04501062631607056
-0.8472827076911926
2.2255873680114746
0.07883237302303314
-0.8004082441329956
2.00742506980896
0.4495527148246765
0.11666315793991089
i96
99
0.044216569513082504
-0.8523640632629395
2.2257864475250244
0.04758594185113907
-0.8798283338546753
1.9857145547866821
0.4197056293487549
0.08029438555240631
i98
i58
i91
i59
i97
i57
i95
i60
i62
i61
i62
100
0.009858163073658943
-0.7919161319732666
2.1928513050079346
0.009858105331659317
-0.7572166919708252
2.075244665145874
0.0
1.0
i63
101
-0.009381633251905441
-0.7195277810096741
0.8636705279350281
-0.0049806698225438595
-0.7352686524391174
1.1571862697601318
0.7031787037849426
0.48538851737976074
i64
i66
i64
102
0.029098117724061012
-0.7195277810096741
0.8636705279350281
0.024697111919522285
-0.7352686524391174
1.1571862697601318
0.796821653842926
0.48538845777511597
i65
i102
103
0.047590579837560654
-0.7251273989677429
0.8637014031410217
0.03982968255877495
-0.7409223914146423
1.144973635673523
0.8418440222740173
0.4717310667037964
104
0.10081852972507477
-0.7784611582756042
0.863946795463562
0.08619774878025055
-0.7866801023483276
1.152072548866272
0.9717310667037964
0.34184402227401733
i103
105
0.06461916118860245
-0.7342254519462585
0.8637495040893555
0.05445575714111328
-0.7494287490844727
1.1380494832992554
0.8833368420600891
0.4495527148246765
106
0.09174814820289612
-0.7614135146141052
0.8638777136802673
0.0773879662156105
-0.7724201083183289
1.1393648386001587
0.9495527148246765
0.3833368420600891
i105
107
0.07952801883220673
-0.7464767694473267
0.8638100028038025
0.06649243831634521
-0.7595432996749878
1.13617742061615
0.9197056293487549
0.4197056293487549
i106
i106
i104
i103
i104
i65
i102
i65
108
0.10828985273838043
-0.816196858882904
0.8640716671943665
0.09404683858156204
-0.8159192800521851
1.1753005981445312
0.9900000095367432
0.2500000298023224
109
0.009858129546046257
-0.9144978523254395
0.864307701587677
0.009858176112174988
-0.9003879427909851
1.1737545728683472
0.7499999403953552
0.01000000536441803
i108
110
0.10641424357891083
-0.8354228138923645
0.8641226291656494
0.09174013137817383
-0.8306843042373657
1.1642684936523438
0.985388457775116
0.20317834615707397
111
0.02910694107413292
-0.9126178026199341
0.8643025159835815
0.02462654747068882
-0.8984056115150452
1.1668399572372437
0.7968215942382812
0.01461152732372284
i110
112
0.10084167122840881
-0.8538951873779297
0.8641658425331116
0.08567328006029129
-0.8460664749145508
1.1475765705108643
0.9717310667037964
0.15815600752830505
113
0.04760771989822388
-0.9070467948913574
0.8642873167991638
0.03951123729348183
-0.8926403522491455
1.1516412496566772
0.8418439626693726
0.028268888592720032
i112
114
0.09177640825510025
-0.8709015250205994
0.8642033338546753
0.0769348293542862
-0.8605738282203674
1.1374167203903198
0.9495527148246765
0.11666315793991089
115
0.06464317440986633
-0.8979911804199219
0.8642646074295044
0.05376351252198219
-0.8838340044021606
1.138960838317871
0.8833368420600891
0.050447285175323486
i113
i112
i115
i114
116
0.07955625653266907
-0.8857892155647278
0.8642361164093018
0.06643576920032501
-0.8729821443557739
1.1347638368606567
0.9197056293487549
0.08029438555240631
i115
i113
i111
i110
i111
i109
i108
i109
117
-0.009390663355588913
-0.9126178026199341
0.8643025159835815
-0.00491027208045125
-0.8984056115150452
1.1668403148651123
0.7031782269477844
0.014611557126045227
118
-0.08857353776693344
-0.8161967992782593
0.8640716671943665
-0.07433059066534042
-0.8159192800521851
1.1753013134002686
0.5099999904632568
0.2500002384185791
i118
i117
119
-0.08669793605804443
-0.8354227542877197
0.8641226291656494
-0.07202380895614624
-0.8306843042373657
1.1642683744430542
0.5146114826202393
0.2031785249710083
i117
120
-0.027891414240002632
-0.9070467948913574
0.8642873167991638
-0.019794905558228493
-0.8926402926445007
1.1516410112380981
0.6581558585166931
0.028268963098526
i119
i120
121
-0.04492689296603203
-0.8979911208152771
0.8642646074295044
-0.03404723107814789
-0.8838339447975159
1.138960838317871
0.6166630387306213
0.05044737458229065
122
-0.08112533390522003
-0.8538951277732849
0.8641658425331116
-0.0659569576382637
-0.846066415309906
1.1475764513015747
0.5282688140869141
0.158156156539917
i119
i120
i122
i121
123
-0.05983996018767357
-0.8857892155647278
0.8642361164093018
-0.046719491481781006
-0.8729821443557739
1.1347639560699463
0.5802942514419556
0.08029447495937347
124
-0.07206009328365326
-0.8709014654159546
0.8642033338546753
-0.057218510657548904
-0.8605737686157227
1.1374163627624512
0.5504472255706787
0.11666329205036163
i124
i122
i121
i118
i66
i109
i109
i66
i65
i66
125
-0.081102155148983
-0.7784610986709595
0.863946795463562
-0.06648141890764236
-0.7866800427436829
1.1520729064941406
0.5282690525054932
0.34184426069259644
i101
i125
126
-0.07203173637390137
-0.7614133954048157
0.8638776540756226
-0.05767150968313217
-0.7724199891090393
1.139364242553711
0.5504474639892578
0.3833370804786682
127
-0.02787412330508232
-0.7251273393630981
0.8637014031410217
-0.020113274455070496
-0.7409223914146423
1.144973635673523
0.6581562757492065
0.4717312157154083
i101
i125
i127
i126
128
-0.059811584651470184
-0.7464767098426819
0.8638100028038025
-0.04677621275186539
-0.7595430016517639
1.1361799240112305
0.5802946090698242
0.4197058379650116
129
-0.04490270838141441
-0.734225332736969
0.8637493848800659
-0.03473929315805435
-0.7494288086891174
1.138048768043518
0.61666339635849
0.44955289363861084
i129
i127
i126
skeleton
armature mat
0.9989840984344482
0.04506400227546692
0.0
0.0
-0.04506400227546692
0.9989840984344482
0.0
0.0
0.0
0.0
0.8057235479354858
0.0
0.0
0.0
0.0
1.0
Bone
1.0
0.0
0.0
0.0
0.0
0.0
1.0
0.0
0.0
-1.0
0.0
0.0
0.0
0.0
0.0
1.0
p Bone.001
Bone
0.9982860088348389
-0.03315063193440437
-0.04822935909032822
0.0
-0.02638169378042221
-0.9905251264572144
0.13477391004562378
0.0
-0.05224023759365082
-0.13327059149742126
-0.989702045917511
0.0
0.0
0.0
1.0
1.0
p Bone.002
Bone.001
0.8834595680236816
-0.4684862792491913
-0.00445440411567688
0.0
0.021621061488986015
0.031271301209926605
0.9992772936820984
0.0
-0.4680083394050598
-0.8829172253608704
0.03775604069232941
0.0
-0.021935580298304558
-0.8235917091369629
1.1120604276657104
1.0
parentbones
Cylinder.001
Bone.001
Cylinder.002
Bone.002
