mesh name=Sphere
0
0.03997048735618591
0.306627482175827
0.2009451985359192
0.040273021906614304
0.30558568239212036
0.20246605575084686
0.71875
0.8125
1
0.027532150968909264
0.3407061994075775
0.1384134590625763
0.027906354516744614
0.3399050831794739
0.14029553532600403
0.71875
0.875
2
0.0
0.306627482175827
0.204881951212883
-4.711725409833889e-07
0.30558574199676514
0.2064325362443924
0.75
0.8125
3
0.0
-0.204881951212883
0.306627482175827
-4.138886424698285e-07
-0.20384594798088074
0.30731722712516785
0.75
0.3125000596046448
4
0.05982005596160889
-0.204881951212883
0.3007357120513916
0.05995459482073784
-0.20384596288204193
0.3014121353626251
0.71875
0.3124999403953552
5
2.1980866904414142e-08
-0.1411251425743103
0.3407060205936432
-4.370676265352813e-07
-0.14033369719982147
0.3410329520702362
0.75
0.3749999403953552
6
0.05087277665734291
0.2607652544975281
0.2557547092437744
0.0510910302400589
0.25964128971099854
0.2568523585796356
0.71875
0.75
i0
7
3.2971300356621214e-08
0.2607652544975281
0.2607651650905609
-2.172176465364828e-07
0.25964128971099854
0.2618843913078308
0.75
0.7500000596046448
8
3.2971300356621214e-08
-0.2607652544975281
0.2607651650905609
-3.225085265512462e-07
-0.2596414387226105
0.2618842124938965
0.75
0.25
9
0.05087277665734291
-0.2607652544975281
0.2557547092437744
0.05109100416302681
-0.2596413493156433
0.25685229897499084
0.71875
0.25
i3
10
0.05982005596160889
0.204881951212883
0.3007357120513916
0.059954579919576645
0.2038460075855255
0.3014121353626251
0.71875
0.6875
i6
11
0.0
0.204881951212883
0.306627482175827
-4.143317653415579e-07
0.20384591817855835
0.30731722712516785
0.75
0.6875
12
7.968064608121495e-08
-0.306627482175827
0.2048816829919815
-5.19636330409412e-07
-0.3055858314037323
0.20643241703510284
0.7499999403953552
0.18749982118606567
13
0.03997048735618591
-0.306627482175827
0.2009451985359192
0.04027251526713371
-0.30558574199676514
0.20246607065200806
0.71875
0.1875
i8
14
0.0664684846997261
0.1411251425743103
0.33415961265563965
0.06653192639350891
0.14033377170562744
0.3344801366329193
0.71875
0.625
i10
15
2.1980866904414142e-08
0.1411251425743103
0.3407060205936432
-4.348490563188534e-07
0.14033369719982147
0.3410329818725586
0.75
0.6250001192092896
16
2.472847526746591e-08
-0.3407061994075775
0.14112505316734314
-2.0077304441201704e-07
-0.33990493416786194
0.14304423332214355
0.7499999403953552
0.125
17
0.027532150968909264
-0.3407061994075775
0.1384134590625763
0.02790626510977745
-0.3399049937725067
0.14029565453529358
0.71875
0.12500005960464478
i12
18
0.07056256383657455
0.07194497436285019
0.3547419607639313
0.0705791562795639
0.07151708006858826
0.3548251986503601
0.71875
0.5625
i14
19
0.0
0.07194497436285019
0.36169177293777466
-7.403202175737533e-07
0.07151725888252258
0.36177659034729004
0.75
0.5625
20
5.495216726103536e-09
-0.36169177293777466
0.07194488495588303
-2.1105213932059996e-07
-0.3612537980079651
0.07411281019449234
0.75
0.06249988079071045
21
0.014035766944289207
-0.36169177293777466
0.07056256383657455
0.014458522200584412
-0.3612537980079651
0.07268887758255005
0.71875
0.062499940395355225
i16
22
0.0
0.0
0.3687777519226074
-1.0572779274298227e-06
-2.6654065621301015e-09
0.3687777519226074
0.75
0.5
23
0.07194497436285019
0.0
0.36169177293777466
0.07194503396749496
1.1550088885314835e-08
0.36169177293777466
0.71875
0.5
i19
24
0.014035766944289207
0.36169177293777466
0.07056256383657455
0.014458519406616688
0.3612537980079651
0.07268886268138885
0.71875
0.9375000596046448
25
0.0
0.3687777519226074
0.0
1.0652764892427058e-08
0.3687777519226074
-1.258461335140737e-08
0.734375
1.0
26
5.495216726103536e-09
0.36169177293777466
0.07194488495588303
-2.112171557655529e-07
0.3612537980079651
0.07411281019449234
0.75
0.9375001192092896
i21
i20
27
0.0
-0.3687777519226074
0.0
9.507453491153228e-09
-0.3687777519226074
-1.170148156148798e-08
0.734375
0.0
28
0.0
-0.07194497436285019
0.36169177293777466
-7.376555117843964e-07
-0.07151725888252258
0.36177659034729004
0.75
0.4375
29
0.07056256383657455
-0.07194497436285019
0.3547419607639313
0.07057914137840271
-0.07151709496974945
0.3548251986503601
0.71875
0.4375
i22
i1
i24
30
2.472847526746591e-08
0.3407061994075775
0.14112505316734314
-3.047959467039618e-07
0.3399050235748291
0.14304403960704803
0.7499999403953552
0.8750000596046448
i5
31
0.0664684846997261
-0.1411251425743103
0.33415961265563965
0.0665319487452507
-0.14033378660678864
0.3344801366329193
0.71875
0.375
i28
i1
32
0.05400625243782997
0.3407061994075775
0.13038262724876404
0.05474061891436577
0.3399049937725067
0.13215550780296326
0.6875
0.875
i24
i31
33
0.13038261234760284
-0.1411251425743103
0.31477147340774536
0.130507692694664
-0.14033372700214386
0.3150733709335327
0.6875
0.375
i29
i0
34
0.07840492576360703
0.306627482175827
0.1892862170934677
0.0789983868598938
0.30558571219444275
0.19071879982948303
0.6875
0.8125
i1
i4
35
0.11734125018119812
-0.204881951212883
0.28328680992126465
0.11760524660348892
-0.20384608209133148
0.2839239537715912
0.6875
0.3124999403953552
i31
i6
36
0.0997905433177948
0.2607652544975281
0.2409156709909439
0.10021883994340897
0.25964123010635376
0.24194961786270142
0.6875
0.75
i0
i9
37
0.0997905433177948
-0.2607652544975281
0.2409156709909439
0.10021883994340897
-0.25964128971099854
0.24194960296154022
0.6875
0.25
i4
i10
38
0.11734125018119812
0.204881951212883
0.28328680992126465
0.11760524660348892
0.20384612679481506
0.2839239239692688
0.6875
0.6875
i6
39
0.07840492576360703
-0.306627482175827
0.1892862170934677
0.07899840921163559
-0.30558571219444275
0.19071881473064423
0.6875
0.1875
i37
i13
i14
40
0.13038261234760284
0.1411251425743103
0.31477147340774536
0.1305077075958252
0.14033374190330505
0.3150733709335327
0.6875
0.625
i10
41
0.05400625243782997
-0.3407061994075775
0.13038262724876404
0.05474061891436577
-0.3399050235748291
0.13215550780296326
0.6875
0.12500005960464478
i39
i17
42
0.1384134590625763
0.07194497436285019
0.33415961265563965
0.1384459137916565
0.07151702791452408
0.3342380225658417
0.6875
0.5625
i40
i18
i21
43
0.027532145380973816
-0.36169177293777466
0.0664684846997261
0.02836177498102188
-0.3612537980079651
0.06847134232521057
0.6875
0.062499940395355225
i17
i23
44
0.1411251276731491
0.0
0.3407061994075775
0.14112521708011627
1.4659727654020571e-08
0.3407061994075775
0.6875
0.5
i18
45
0.027532145380973816
0.36169177293777466
0.0664684846997261
0.02836177498102188
0.3612537980079651
0.06847134232521057
0.6875
0.9375000596046448
46
0.0
0.3687777519226074
0.0
1.0652764892427058e-08
0.3687777519226074
-1.258461335140737e-08
0.703125
1.0
i24
i43
i21
47
0.0
-0.3687777519226074
0.0
9.507453491153228e-09
-0.3687777519226074
-1.170148156148798e-08
0.703125
0.0
i29
48
0.1384134590625763
-0.07194497436285019
0.33415961265563965
0.1384459286928177
-0.07151706516742706
0.3342379927635193
0.6875
0.4375
i23
i40
49
0.1892862170934677
0.1411251425743103
0.28328683972358704
0.18946780264377594
0.14033378660678864
0.28355851769447327
0.65625
0.625
i38
i41
50
0.07840492576360703
-0.3407061994075775
0.11734126508235931
0.07947107404470444
-0.3399049937725067
0.11893679946660995
0.65625
0.12500005960464478
i39
i42
51
0.2009451985359192
0.07194497436285019
0.3007357120513916
0.20099236071109772
0.07151702791452408
0.3008062243461609
0.65625
0.5625
i40
i43
52
0.039970479905605316
-0.36169177293777466
0.05982004851102829
0.041174907237291336
-0.3612537980079651
0.06162257865071297
0.65625
0.062499940395355225
i41
i44
53
0.204881951212883
0.0
0.30662745237350464
0.20488201081752777
-4.442341217103518e-10
0.30662745237350464
0.65625
0.5
i42
54
0.039970479905605316
0.36169177293777466
0.05982004851102829
0.04117491841316223
0.3612537980079651
0.06162257492542267
0.65625
0.9375000596046448
55
0.0
0.3687777519226074
0.0
1.0652764892427058e-08
0.3687777519226074
-1.258461335140737e-08
0.671875
1.0
i45
i52
i43
56
0.0
-0.3687777519226074
0.0
9.507453491153228e-09
-0.3687777519226074
-1.170148156148798e-08
0.671875
0.0
57
0.2009451985359192
-0.07194497436285019
0.3007357120513916
0.20099236071109772
-0.07151703536510468
0.3008062541484833
0.65625
0.4375
i53
i48
i32
58
0.07840492576360703
0.3407061994075775
0.11734126508235931
0.07947106659412384
0.3399049937725067
0.11893677711486816
0.65625
0.875
i45
i33
59
0.1892862170934677
-0.1411251425743103
0.28328683972358704
0.18946775794029236
-0.14033374190330505
0.2835584878921509
0.65625
0.375
i48
i34
60
0.11382630467414856
0.306627482175827
0.17035308480262756
0.11468782275915146
0.30558568239212036
0.17164239287376404
0.65625
0.8125
i32
61
0.17035308480262756
-0.204881951212883
0.2549513876438141
0.17073625326156616
-0.20384608209133148
0.25552481412887573
0.65625
0.3124999403953552
i59
i35
i36
62
0.14487341046333313
0.2607652544975281
0.21681837737560272
0.14549517631530762
0.25964128971099854
0.2177489548921585
0.65625
0.75
i34
63
0.14487341046333313
-0.2607652544975281
0.21681837737560272
0.14549514651298523
-0.25964128971099854
0.21774892508983612
0.65625
0.25
i61
i37
i38
64
0.17035308480262756
0.204881951212883
0.2549513876438141
0.17073626816272736
0.20384609699249268
0.2555248439311981
0.65625
0.6875
i36
65
0.11382630467414856
-0.306627482175827
0.17035308480262756
0.11468784511089325
-0.30558568239212036
0.17164237797260284
0.65625
0.1875
i63
i39
i59
66
0.24091564118862152
-0.1411251425743103
0.2409156709909439
0.2411467283964157
-0.14033374190330505
0.24114669859409332
0.625
0.375
i57
i60
67
0.14487339556217194
0.306627482175827
0.14487338066101074
0.14596988260746002
0.30558571219444275
0.14596983790397644
0.625
0.8125
i58
68
0.21681834757328033
-0.204881951212883
0.21681833267211914
0.21730606257915497
-0.20384608209133148
0.2173060178756714
0.625
0.3124999403953552
i66
i61
i62
69
0.1843888759613037
0.2607652544975281
0.1843888759613037
0.18518023192882538
0.25964123010635376
0.18518023192882538
0.625
0.75
i60
i63
70
0.1843888759613037
-0.2607652544975281
0.1843888759613037
0.18518023192882538
-0.25964125990867615
0.18518023192882538
0.625
0.25
i61
i64
71
0.21681834757328033
0.204881951212883
0.21681833267211914
0.21730603277683258
0.20384608209133148
0.2173060178756714
0.625
0.6875000596046448
i62
i65
72
0.14487339556217194
-0.306627482175827
0.14487338066101074
0.14596988260746002
-0.30558571219444275
0.14596985280513763
0.625
0.1875
i63
i49
73
0.24091564118862152
0.1411251425743103
0.2409156709909439
0.2411467283964157
0.14033374190330505
0.2411467283964157
0.625
0.625
i64
i50
74
0.0997905433177948
-0.3407061994075775
0.0997905284166336
0.10114745050668716
-0.3399050235748291
0.10114743560552597
0.625
0.125
i65
75
0.2557547092437744
0.07194497436285019
0.255754679441452
0.255814790725708
0.07151702791452408
0.25581470131874084
0.625
0.5625
i73
i51
i52
76
0.05087277293205261
-0.36169177293777466
0.050872765481472015
0.0524057112634182
-0.3612537980079651
0.05240568891167641
0.625
0.062499940395355225
i50
77
0.2607652544975281
0.0
0.2607651650905609
0.26076534390449524
1.332702392886631e-09
0.2607651650905609
0.625
0.5
i75
i53
78
0.05087277293205261
0.36169177293777466
0.050872765481472015
0.0524057075381279
0.3612537980079651
0.05240568891167641
0.625
0.9375000596046448
79
0.0
0.3687777519226074
0.0
1.0652764892427058e-08
0.3687777519226074
-1.258461335140737e-08
0.640625
1.0
i54
i76
i52
80
0.0
-0.3687777519226074
0.0
9.507453491153228e-09
-0.3687777519226074
-1.170148156148798e-08
0.640625
0.0
i57
81
0.2557547092437744
-0.07194497436285019
0.255754679441452
0.255814790725708
-0.07151702791452408
0.25581464171409607
0.625
0.4375
i53
i58
82
0.0997905433177948
0.3407061994075775
0.0997905284166336
0.10114745050668716
0.3399050235748291
0.10114742070436478
0.625
0.875
i54
83
0.11734126508235931
-0.3407061994075775
0.07840491831302643
0.11893681436777115
-0.3399049937725067
0.07947101444005966
0.59375
0.125
84
0.17035309970378876
-0.306627482175827
0.11382628232240677
0.17164240777492523
-0.30558571219444275
0.11468778550624847
0.59375
0.1875
i74
85
0.3007357120513916
0.07194497436285019
0.2009451538324356
0.30080631375312805
0.0715169832110405
0.20099227130413055
0.59375
0.5625
86
0.28328680992126465
0.1411251425743103
0.1892862319946289
0.28355851769447327
0.14033374190330505
0.18946781754493713
0.59375
0.625
i75
i76
87
0.05982004851102829
-0.36169177293777466
0.03997047618031502
0.06162260100245476
-0.3612537980079651
0.041174884885549545
0.59375
0.062499940395355225
i74
88
0.30662745237350464
0.0
0.20488186180591583
0.3066275715827942
-1.7769364868414073e-09
0.20488183200359344
0.59375
0.5
i85
i77
89
0.05982004851102829
0.36169177293777466
0.03997047618031502
0.06162260100245476
0.3612537980079651
0.04117488116025925
0.59375
0.9375000596046448
90
0.0
0.3687777519226074
0.0
1.0652764892427058e-08
0.3687777519226074
-1.258461335140737e-08
0.609375
1.0
i78
i87
i76
91
0.0
-0.3687777519226074
0.0
9.507453491153228e-09
-0.3687777519226074
-1.170148156148798e-08
0.609375
0.0
i81
92
0.3007357120513916
-0.07194497436285019
0.2009451538324356
0.30080631375312805
-0.0715169832110405
0.20099227130413055
0.59375
0.4375
i77
i82
93
0.11734126508235931
0.3407061994075775
0.07840491831302643
0.11893681436777115
0.3399049937725067
0.07947101444005966
0.59375
0.875
i78
i66
94
0.28328680992126465
-0.1411251425743103
0.1892862319946289
0.28355851769447327
-0.14033372700214386
0.18946780264377594
0.59375
0.375
i81
i67
95
0.17035309970378876
0.306627482175827
0.11382628232240677
0.17164240777492523
0.30558571219444275
0.11468778550624847
0.59375
0.8125
i82
96
0.2549514174461365
-0.204881951212883
0.17035305500030518
0.2555248439311981
-0.20384608209133148
0.17073625326156616
0.59375
0.3124999403953552
i94
i68
i69
97
0.21681837737560272
0.2607652544975281
0.14487341046333313
0.21774891018867493
0.25964128971099854
0.14549517631530762
0.59375
0.75
i67
i70
98
0.21681837737560272
-0.2607652544975281
0.14487341046333313
0.21774892508983612
-0.25964128971099854
0.14549516141414642
0.59375
0.25
i68
99
0.2549514174461365
0.204881951212883
0.17035305500030518
0.2555248439311981
0.20384608209133148
0.17073623836040497
0.59375
0.6875
i97
i71
i72
i84
i70
i73
i86
i71
i95
100
0.1892862170934677
0.306627482175827
0.07840490341186523
0.19071881473064423
0.30558571219444275
0.07899830490350723
0.5625
0.8125
i93
101
0.28328680992126465
-0.204881951212883
0.11734120547771454
0.28392401337623596
-0.2038460522890091
0.11760509014129639
0.5625
0.3124999403953552
102
0.31477147340774536
-0.1411251425743103
0.13038262724876404
0.3150734007358551
-0.14033369719982147
0.1305076777935028
0.5625
0.375
i96
i97
103
0.2409156709909439
0.2607652544975281
0.0997905433177948
0.24194961786270142
0.25964128971099854
0.10021881759166718
0.5625
0.75
i95
i98
104
0.2409156709909439
-0.2607652544975281
0.0997905433177948
0.24194961786270142
-0.25964128971099854
0.10021881759166718
0.5625
0.25
i96
105
0.28328680992126465
0.204881951212883
0.11734120547771454
0.28392404317855835
0.20384608209133148
0.11760509759187698
0.5625
0.6875
i103
i99
i84
106
0.1892862170934677
-0.306627482175827
0.07840490341186523
0.19071881473064423
-0.30558571219444275
0.07899831980466843
0.5625
0.1875
i98
i86
107
0.31477147340774536
0.1411251425743103
0.13038262724876404
0.3150734305381775
0.14033369719982147
0.1305076628923416
0.5625
0.625
i99
i83
108
0.13038261234760284
-0.3407061994075775
0.054006241261959076
0.13215553760528564
-0.3399050235748291
0.05474057421088219
0.5625
0.125
i84
109
0.33415961265563965
0.07194497436285019
0.1384134143590927
0.33423805236816406
0.07151694595813751
0.1384458690881729
0.5625
0.5625
i107
i85
110
0.06646846979856491
-0.36169177293777466
0.027532139793038368
0.06847136467695236
-0.3612537980079651
0.028361735865473747
0.5625
0.062499940395355225
i108
i87
111
0.3407061696052551
0.0
0.14112505316734314
0.3407062590122223
0.0
0.14112503826618195
0.5625
0.5
i109
i88
112
0.06646846979856491
0.36169177293777466
0.027532139793038368
0.06847137212753296
0.3612537980079651
0.028361735865473747
0.5625
0.9375000596046448
113
0.0
0.3687777519226074
0.0
1.0652764892427058e-08
0.3687777519226074
-1.258461335140737e-08
0.578125
1.0
i89
i110
i87
114
0.0
-0.3687777519226074
0.0
9.507453491153228e-09
-0.3687777519226074
-1.170148156148798e-08
0.578125
0.0
i92
115
0.33415961265563965
-0.07194497436285019
0.1384134143590927
0.33423805236816406
-0.07151695340871811
0.1384458690881729
0.5625
0.4375
i88
i93
116
0.13038261234760284
0.3407061994075775
0.054006241261959076
0.13215550780296326
0.3399050235748291
0.05474055930972099
0.5625
0.875
i89
i94
i102
i92
117
0.3547419309616089
0.07194497436285019
0.07056252658367157
0.3548252284526825
0.07151695340871811
0.07057909667491913
0.53125
0.5625
118
0.33415961265563965
0.1411251425743103
0.0664684996008873
0.3344801366329193
0.14033372700214386
0.06653226166963577
0.53125
0.6250000596046448
i109
i110
119
0.07056254893541336
-0.36169177293777466
0.014035760425031185
0.07268881052732468
-0.3612537980079651
0.014458687044680119
0.53125
0.062499940395355225
i108
120
0.3616917133331299
0.0
0.07194489985704422
0.36169183254241943
0.0
0.07194487005472183
0.53125
0.5
i117
i111
121
0.07056254893541336
0.36169177293777466
0.014035760425031185
0.07268881052732468
0.3612537980079651
0.014458688907325268
0.53125
0.9375000596046448
122
0.0
0.3687777519226074
0.0
1.0652764892427058e-08
0.3687777519226074
-1.258461335140737e-08
0.546875
1.0
i112
i119
i110
123
0.0
-0.3687777519226074
0.0
9.507453491153228e-09
-0.3687777519226074
-1.170148156148798e-08
0.546875
0.0
i115
124
0.3547419309616089
-0.07194497436285019
0.07056252658367157
0.3548252284526825
-0.07151695340871811
0.07057909667491913
0.53125
0.4375
i111
125
0.1384134441614151
0.3407061994075775
0.027532139793038368
0.14029550552368164
0.3399050235748291
0.02790651097893715
0.53125
0.875
i121
i116
i102
126
0.33415961265563965
-0.1411251425743103
0.0664684996008873
0.3344801366329193
-0.14033369719982147
0.06653226166963577
0.53125
0.375
i115
i100
127
0.2009451687335968
0.306627482175827
0.039970461279153824
0.20246602594852448
0.30558571219444275
0.040272947400808334
0.53125
0.8125
i116
128
0.3007356822490692
-0.204881951212883
0.0598200187087059
0.30141210556030273
-0.20384608209133148
0.05995453894138336
0.53125
0.3124999403953552
i126
i101
i103
129
0.2557547092437744
0.2607652544975281
0.05087278038263321
0.2568523585796356
0.25964128971099854
0.05109107494354248
0.53125
0.75
i100
i104
130
0.2557547092437744
-0.2607652544975281
0.05087278038263321
0.2568523585796356
-0.25964123010635376
0.05109107866883278
0.53125
0.25
i101
131
0.3007356822490692
0.204881951212883
0.0598200187087059
0.30141210556030273
0.20384608209133148
0.05995454639196396
0.53125
0.6875000596046448
i129
i105
132
0.2009451687335968
-0.306627482175827
0.039970461279153824
0.20246602594852448
-0.30558571219444275
0.04027296230196953
0.53125
0.1875
i130
i106
i107
i118
i105
133
0.1384134441614151
-0.3407061994075775
0.027532139793038368
0.14029550552368164
-0.3399050235748291
0.027906516566872597
0.53125
0.125
i132
i108
134
0.30662742257118225
-0.204881951212883
-3.2971300356621214e-08
0.3073171377182007
-0.20384612679481506
-6.203896418810473e-08
0.4999999701976776
0.3124999403953552
135
0.3407061994075775
-0.1411251425743103
1.6485650178310607e-08
0.3410329818725586
-0.14033369719982147
-5.768408417594628e-09
0.5
0.375
i128
i129
136
0.2607652246952057
0.2607652544975281
5.495216726103536e-09
0.2618843913078308
0.25964128971099854
-4.600944336630164e-08
0.5
0.75
i127
i130
137
0.2607652246952057
-0.2607652544975281
5.495216726103536e-09
0.2618843913078308
-0.25964128971099854
-4.600944336630164e-08
0.5
0.25
i128
138
0.30662742257118225
0.204881951212883
-3.2971300356621214e-08
0.3073171079158783
0.20384612679481506
-5.7607607573118e-08
0.4999999701976776
0.6875000596046448
i136
i131
139
0.20488190650939941
-0.306627482175827
-1.9233258541362375e-08
0.20643258094787598
-0.30558568239212036
-5.6743814980109164e-08
0.4999999701976776
0.1875
i137
i132
i118
140
0.3407061994075775
0.1411251425743103
1.6485650178310607e-08
0.3410329818725586
0.14033372700214386
-5.324684693164272e-09
0.5
0.625
i131
i133
141
0.1411251276731491
-0.3407061994075775
-8.242825089155303e-09
0.14304406940937042
-0.3399049937725067
-9.31137300597129e-09
0.5
0.125
i132
142
0.36169174313545227
0.07194497436285019
-3.2971300356621214e-08
0.3617766499519348
0.07151688635349274
-7.194469731075515e-08
0.5
0.5625
i140
i117
i119
143
0.0719449520111084
-0.36169177293777466
-4.121412544577652e-09
0.07411285489797592
-0.3612537980079651
-1.3036059343107809e-08
0.5
0.062499940395355225
i133
144
0.36877763271331787
0.0
-6.044738398713889e-08
0.3687777519226074
8.884681879095524e-10
-1.563704046247949e-07
0.4999999701976776
0.5
i142
i120
145
0.0719449520111084
0.36169177293777466
-4.121412544577652e-09
0.07411286979913712
0.3612537980079651
-1.050585396455972e-08
0.5
0.9375000596046448
146
0.0
0.3687777519226074
0.0
1.0652764892427058e-08
0.3687777519226074
-1.258461335140737e-08
0.515625
1.0
i121
i143
i119
147
0.0
-0.3687777519226074
0.0
9.507453491153228e-09
-0.3687777519226074
-1.170148156148798e-08
0.515625
0.0
i124
148
0.36169174313545227
-0.07194497436285019
-3.2971300356621214e-08
0.3617766797542572
-0.07151690125465393
-7.283291125759206e-08
0.5
0.4375
i120
149
0.1411251276731491
0.3407061994075775
-8.242825089155303e-09
0.1430440992116928
0.3399050235748291
3.966976080960194e-09
0.5
0.875
i145
i125
i126
i135
i124
i127
150
0.20488190650939941
0.306627482175827
-1.9233258541362375e-08
0.20643256604671478
0.30558568239212036
-6.071809366403613e-08
0.4999999701976776
0.8125
i125
i143
151
0.07056254148483276
-0.36169177293777466
-0.014035766944289207
0.07268880307674408
-0.3612537980079651
-0.014458714984357357
0.46875
0.062499940395355225
i141
152
0.3616916537284851
0.0
-0.07194501161575317
0.36169174313545227
1.7769361537744999e-09
-0.07194511592388153
0.4687499701976776
0.5
153
0.3547419011592865
0.07194497436285019
-0.07056258618831635
0.3548252284526825
0.07151686400175095
-0.07057921588420868
0.46875
0.5625
i144
154
0.07056254148483276
0.36169177293777466
-0.014035766944289207
0.07268880307674408
0.3612537980079651
-0.014458717778325081
0.46875
0.9375000596046448
155
0.0
0.3687777519226074
0.0
1.0652764892427058e-08
0.3687777519226074
-1.258461335140737e-08
0.484375
1.0
i145
i151
i143
156
0.0
-0.3687777519226074
0.0
9.507453491153228e-09
-0.3687777519226074
-1.170148156148798e-08
0.484375
0.0
i148
157
0.3547419011592865
-0.07194497436285019
-0.07056258618831635
0.3548252284526825
-0.07151686400175095
-0.07057922333478928
0.46875
0.4375
i144
i149
158
0.1384134441614151
0.3407061994075775
-0.027532154694199562
0.14029550552368164
0.3399049937725067
-0.0279065128415823
0.46875
0.875
i145
i135
159
0.33415961265563965
-0.1411251425743103
-0.06646846234798431
0.3344801366329193
-0.14033372700214386
-0.06653224676847458
0.46875
0.375
i148
i150
160
0.2009451538324356
0.306627482175827
-0.03997049480676651
0.20246605575084686
0.30558568239212036
-0.04027305170893669
0.46875
0.8125
i149
161
0.3007356524467468
-0.204881951212883
-0.05982007831335068
0.30141207575798035
-0.20384609699249268
-0.059954654425382614
0.46875
0.3124999403953552
i159
i134
i136
162
0.255754679441452
0.2607652544975281
-0.050872765481472015
0.2568523585796356
0.25964128971099854
-0.051091134548187256
0.46875
0.75
i150
i137
163
0.255754679441452
-0.2607652544975281
-0.050872765481472015
0.2568523585796356
-0.25964128971099854
-0.051091134548187256
0.46875
0.25
i134
164
0.3007356524467468
0.204881951212883
-0.05982007831335068
0.30141207575798035
0.20384612679481506
-0.05995466187596321
0.46875
0.6875000596046448
i162
i138
165
0.2009451538324356
-0.306627482175827
-0.03997049480676651
0.20246605575084686
-0.30558568239212036
-0.04027304798364639
0.46875
0.1875
i163
i139
i140
166
0.33415961265563965
0.1411251425743103
-0.06646846234798431
0.3344801366329193
0.14033369719982147
-0.06653223931789398
0.46875
0.6250000596046448
i138
i141
167
0.1384134441614151
-0.3407061994075775
-0.027532154694199562
0.14029550552368164
-0.3399049937725067
-0.027906516566872597
0.46875
0.125
i139
i153
i166
i142
i163
168
0.24091564118862152
-0.2607652544975281
-0.09979052096605301
0.24194961786270142
-0.25964128971099854
-0.10021881759166718
0.4375
0.25
i161
169
0.28328678011894226
0.204881951212883
-0.11734126508235931
0.2839239537715912
0.20384608209133148
-0.11760523170232773
0.4374999701976776
0.6875000596046448
170
0.24091564118862152
0.2607652544975281
-0.09979052096605301
0.24194961786270142
0.25964128971099854
-0.10021882504224777
0.4375
0.75
i164
171
0.18928617238998413
-0.306627482175827
-0.07840492576360703
0.19071879982948303
-0.30558568239212036
-0.07899841666221619
0.4374999701976776
0.1875
i168
i165
i166
172
0.31477147340774536
0.1411251425743103
-0.13038258254528046
0.3150734007358551
0.14033369719982147
-0.1305077224969864
0.4375
0.6250000596046448
i164
i167
173
0.13038261234760284
-0.3407061994075775
-0.05400625243782997
0.13215552270412445
-0.3399049937725067
-0.05474063381552696
0.4375
0.125
i165
174
0.3341595530509949
0.07194497436285019
-0.1384134590625763
0.3342380225658417
0.07151683419942856
-0.13844601809978485
0.4375
0.5625
i172
i153
175
0.06646846234798431
-0.36169177293777466
-0.027532143518328667
0.06847134232521057
-0.3612537980079651
-0.028361788019537926
0.4375
0.062499940395355225
i173
i151
176
0.3407060503959656
0.0
-0.1411251425743103
0.3407061696052551
8.884681879095524e-10
-0.14112526178359985
0.4374999701976776
0.5
i174
i152
177
0.06646846234798431
0.36169177293777466
-0.027532143518328667
0.06847134232521057
0.3612537980079651
-0.028361786156892776
0.4375
0.9375000596046448
178
0.0
0.3687777519226074
0.0
1.0652764892427058e-08
0.3687777519226074
-1.258461335140737e-08
0.453125
1.0
i154
i175
i151
179
0.0
-0.3687777519226074
0.0
9.507453491153228e-09
-0.3687777519226074
-1.170148156148798e-08
0.453125
0.0
i157
180
0.3341595530509949
-0.07194497436285019
-0.1384134590625763
0.3342380225658417
-0.07151683419942856
-0.13844603300094604
0.4375
0.4375
i152
i158
181
0.13038261234760284
0.3407061994075775
-0.05400625243782997
0.13215550780296326
0.3399050235748291
-0.05474063381552696
0.4375
0.875
i154
i159
182
0.31477147340774536
-0.1411251425743103
-0.13038258254528046
0.3150734007358551
-0.14033369719982147
-0.1305077224969864
0.4375
0.375
i157
183
0.18928617238998413
0.306627482175827
-0.07840492576360703
0.19071881473064423
0.30558568239212036
-0.07899841666221619
0.4374999701976776
0.8125000596046448
i181
i160
184
0.28328678011894226
-0.204881951212883
-0.11734126508235931
0.2839239537715912
-0.20384608209133148
-0.11760522425174713
0.4374999701976776
0.3124999403953552
i182
i161
i162
i170
i160
185
0.0598200298845768
0.36169177293777466
-0.03997046872973442
0.06162257492542267
0.3612537980079651
-0.04117492958903313
0.40625
0.9375000596046448
186
0.0
0.3687777519226074
0.0
1.0652764892427058e-08
0.3687777519226074
-1.258461335140737e-08
0.421875
1.0
i177
187
0.0598200298845768
-0.36169177293777466
-0.03997046872973442
0.06162256374955177
-0.3612537980079651
-0.04117491841316223
0.40625
0.062499940395355225
i175
188
0.0
-0.3687777519226074
0.0
9.507453491153228e-09
-0.3687777519226074
-1.170148156148798e-08
0.421875
0.0
i180
189
0.3007356524467468
-0.07194497436285019
-0.2009451687335968
0.3008062541484833
-0.07151684165000916
-0.2009923905134201
0.40625
0.4375
i176
i181
190
0.11734124273061752
0.3407061994075775
-0.07840492576360703
0.11893679946660995
0.3399049937725067
-0.07947109639644623
0.40625
0.875
i177
i182
191
0.28328680992126465
-0.1411251425743103
-0.18928618729114532
0.28355851769447327
-0.14033369719982147
-0.18946780264377594
0.40625
0.375
i180
192
0.17035304009914398
0.306627482175827
-0.11382628977298737
0.17164236307144165
0.30558571219444275
-0.11468784511089325
0.40625
0.8125000596046448
i190
i183
193
0.2549513578414917
-0.204881951212883
-0.17035308480262756
0.25552481412887573
-0.20384608209133148
-0.17073631286621094
0.40625
0.3124999403953552
i191
i184
i170
194
0.21681834757328033
0.2607652544975281
-0.14487338066101074
0.21774892508983612
0.25964128971099854
-0.14549517631530762
0.40625
0.75
i183
i168
195
0.21681834757328033
-0.2607652544975281
-0.14487338066101074
0.21774891018867493
-0.25964128971099854
-0.14549516141414642
0.40625
0.25
i184
196
0.2549513578414917
0.204881951212883
-0.17035308480262756
0.25552481412887573
0.20384608209133148
-0.17073632776737213
0.40625
0.6875000596046448
i194
i169
197
0.17035304009914398
-0.306627482175827
-0.11382628977298737
0.17164237797260284
-0.30558568239212036
-0.11468785256147385
0.40625
0.1875
i195
i171
i172
198
0.28328680992126465
0.1411251425743103
-0.18928618729114532
0.28355851769447327
0.14033369719982147
-0.18946777284145355
0.40625
0.6250000596046448
i169
i173
199
0.11734124273061752
-0.3407061994075775
-0.07840492576360703
0.11893682181835175
-0.3399050235748291
-0.07947110384702682
0.40625
0.125
i171
200
0.3007356524467468
0.07194497436285019
-0.2009451687335968
0.3008062541484833
0.07151684165000916
-0.2009923905134201
0.40625
0.5625
i198
i174
i175
i187
i173
201
0.3066273033618927
0.0
-0.2048819214105606
0.30662742257118225
8.884682434207036e-10
-0.20488207042217255
0.4062499701976776
0.5
i200
i176
202
0.21681828796863556
0.204881951212883
-0.21681833267211914
0.2173059731721878
0.20384608209133148
-0.21730606257915497
0.375
0.6875000596046448
203
0.18438886106014252
0.2607652544975281
-0.18438886106014252
0.185180202126503
0.25964123010635376
-0.18518024682998657
0.375
0.75
i196
i197
204
0.14487333595752716
-0.306627482175827
-0.14487338066101074
0.14596985280513763
-0.30558571219444275
-0.14596989750862122
0.3749999701976776
0.1875
i195
i198
205
0.24091564118862152
0.1411251425743103
-0.24091562628746033
0.2411467283964157
0.14033374190330505
-0.2411467283964157
0.375
0.6250000596046448
i196
206
0.09979050606489182
-0.3407061994075775
-0.0997905284166336
0.10114743560552597
-0.3399049937725067
-0.10114746540784836
0.375
0.125
i204
i199
207
0.25575464963912964
0.07194497436285019
-0.255754679441452
0.25581467151641846
0.07151679694652557
-0.2558148205280304
0.375
0.5625
i205
i200
208
0.05087275058031082
-0.36169177293777466
-0.05087275430560112
0.05240568518638611
-0.3612537980079651
-0.052405714988708496
0.375
0.062499940395355225
i206
i187
209
0.26076504588127136
0.0
-0.2607651948928833
0.26076510548591614
4.442340939547762e-10
-0.2607654333114624
0.3749999403953552
0.5
i207
i201
210
0.05087275058031082
0.36169177293777466
-0.05087275430560112
0.052405696362257004
0.3612537980079651
-0.052405714988708496
0.375
0.9375000596046448
211
0.0
0.3687777519226074
0.0
1.0652764892427058e-08
0.3687777519226074
-1.258461335140737e-08
0.390625
1.0
i185
i208
i187
212
0.0
-0.3687777519226074
0.0
9.507453491153228e-09
-0.3687777519226074
-1.170148156148798e-08
0.390625
0.0
i189
213
0.25575464963912964
-0.07194497436285019
-0.255754679441452
0.25581470131874084
-0.07151679694652557
-0.255814790725708
0.375
0.4375
i201
i190
214
0.09979050606489182
0.3407061994075775
-0.0997905284166336
0.10114742070436478
0.3399049937725067
-0.10114747285842896
0.375
0.875
i185
i191
215
0.24091564118862152
-0.1411251425743103
-0.24091562628746033
0.2411467283964157
-0.14033374190330505
-0.2411467283964157
0.375
0.375
i189
i192
216
0.14487333595752716
0.306627482175827
-0.14487338066101074
0.14596982300281525
0.30558571219444275
-0.14596989750862122
0.3749999701976776
0.8125000596046448
i190
217
0.21681828796863556
-0.204881951212883
-0.21681833267211914
0.2173059731721878
-0.20384608209133148
-0.21730607748031616
0.375
0.3124999403953552
i215
i193
i194
i203
i192
i195
218
0.18438886106014252
-0.2607652544975281
-0.18438886106014252
0.18518023192882538
-0.25964123010635376
-0.18518023192882538
0.375
0.25
i193
i213
219
0.20094510912895203
-0.07194497436285019
-0.3007356822490692
0.20099227130413055
-0.07151678204536438
-0.3008063733577728
0.34375
0.4375
i209
220
0.07840489596128464
0.3407061994075775
-0.11734125018119812
0.07947102934122086
0.3399050235748291
-0.11893687397241592
0.34375
0.875
221
0.039970461279153824
0.36169177293777466
-0.0598200298845768
0.041174884885549545
0.3612537980079651
-0.061622608453035355
0.34375
0.9375000596046448
i214
i215
222
0.1892862170934677
-0.1411251425743103
-0.28328680992126465
0.18946777284145355
-0.14033369719982147
-0.28355857729911804
0.34375
0.375
i213
223
0.11382623761892319
0.306627482175827
-0.17035306990146637
0.1146877259016037
0.30558568239212036
-0.17164242267608643
0.34375
0.8125000596046448
i220
i216
224
0.1703530251979828
-0.204881951212883
-0.2549513578414917
0.17073620855808258
-0.2038460522890091
-0.2555248737335205
0.34375
0.3124999403953552
i222
i217
i203
225
0.14487338066101074
0.2607652544975281
-0.21681834757328033
0.14549516141414642
0.25964123010635376
-0.21774892508983612
0.34375
0.75
i216
i218
226
0.14487338066101074
-0.2607652544975281
-0.21681834757328033
0.14549516141414642
-0.25964123010635376
-0.21774891018867493
0.34375
0.25
i217
227
0.1703530251979828
0.204881951212883
-0.2549513578414917
0.17073620855808258
0.20384608209133148
-0.2555249035358429
0.34375
0.6875000596046448
i225
i202
228
0.11382623761892319
-0.306627482175827
-0.17035306990146637
0.1146877333521843
-0.30558568239212036
-0.17164242267608643
0.34375
0.1875
i226
i204
i205
229
0.1892862170934677
0.1411251425743103
-0.28328680992126465
0.18946777284145355
0.14033372700214386
-0.28355857729911804
0.34375
0.6250000596046448
i202
i206
230
0.07840489596128464
-0.3407061994075775
-0.11734125018119812
0.07947102934122086
-0.3399050235748291
-0.11893685162067413
0.34375
0.125
i204
231
0.20094510912895203
0.07194497436285019
-0.3007356822490692
0.20099225640296936
0.07151677459478378
-0.3008063733577728
0.34375
0.5625
i229
i207
i208
232
0.039970461279153824
-0.36169177293777466
-0.0598200298845768
0.041174884885549545
-0.3612537980079651
-0.061622608453035355
0.34375
0.062499940395355225
i206
233
0.20488174259662628
0.0
-0.30662739276885986
0.20488181710243225
-8.884682434207036e-10
-0.3066276013851166
0.3437499403953552
0.5
i231
i209
i221
234
0.0
0.3687777519226074
0.0
1.0652764892427058e-08
0.3687777519226074
-1.258461335140737e-08
0.359375
1.0
i210
i232
i208
235
0.0
-0.3687777519226074
0.0
9.507453491153228e-09
-0.3687777519226074
-1.170148156148798e-08
0.359375
0.0
236
0.07840485870838165
-0.306627482175827
-0.18928617238998413
0.07899824529886246
-0.30558571219444275
-0.1907188445329666
0.3125
0.1875
237
0.09979052096605301
-0.2607652544975281
-0.24091564118862152
0.10021881759166718
-0.25964123010635376
-0.24194961786270142
0.3125
0.25
i228
i229
238
0.13038261234760284
0.1411251425743103
-0.3147714138031006
0.13050763309001923
0.14033366739749908
-0.3150734007358551
0.3125
0.6250000596046448
i227
i230
239
0.054006218910217285
-0.3407061994075775
-0.13038259744644165
0.05474056303501129
-0.3399050235748291
-0.13215558230876923
0.3125
0.125
i228
240
0.13841336965560913
0.07194497436285019
-0.3341595530509949
0.13844582438468933
0.07151675969362259
-0.33423811197280884
0.3125
0.5625
i238
i231
i232
241
0.027532128617167473
-0.36169177293777466
-0.06646844744682312
0.028361734002828598
-0.3612537980079651
-0.06847136467695236
0.3125
0.062499940395355225
i230
242
0.14112496376037598
0.0
-0.34070608019828796
0.14112496376037598
-4.442340939547762e-10
-0.3407062590122223
0.3124999701976776
0.5
i240
i233
243
0.027532128617167473
0.36169177293777466
-0.06646844744682312
0.028361734002828598
0.3612537980079651
-0.06847136467695236
0.3125
0.9375000596046448
244
0.0
0.3687777519226074
0.0
1.0652764892427058e-08
0.3687777519226074
-1.258461335140737e-08
0.328125
1.0
i221
i241
i232
245
0.0
-0.3687777519226074
0.0
9.507453491153228e-09
-0.3687777519226074
-1.170148156148798e-08
0.328125
0.0
i219
246
0.13841336965560913
-0.07194497436285019
-0.3341595530509949
0.13844583928585052
-0.07151676714420319
-0.33423811197280884
0.3125
0.4375
i233
i220
247
0.054006218910217285
0.3407061994075775
-0.13038259744644165
0.05474055930972099
0.3399050235748291
-0.13215555250644684
0.3125
0.875
i221
i222
248
0.13038261234760284
-0.1411251425743103
-0.3147714138031006
0.1305076628923416
-0.14033369719982147
-0.3150734305381775
0.3125
0.375
i219
i223
249
0.07840485870838165
0.306627482175827
-0.18928617238998413
0.07899823784828186
0.30558571219444275
-0.1907188594341278
0.3125
0.8125000596046448
i220
250
0.11734119057655334
-0.204881951212883
-0.28328678011894226
0.11760511994361877
-0.2038460522890091
-0.28392404317855835
0.3125
0.3124999403953552
i248
i224
i225
251
0.09979052096605301
0.2607652544975281
-0.24091564118862152
0.10021882504224777
0.25964125990867615
-0.24194961786270142
0.3125
0.75
i223
i226
i237
i224
252
0.11734119057655334
0.204881951212883
-0.28328678011894226
0.11760511249303818
0.2038460522890091
-0.28392401337623596
0.3125
0.6875000596046448
i251
i227
i247
253
0.027532121166586876
0.3407061994075775
-0.1384134143590927
0.0279065053910017
0.3399049937725067
-0.1402955800294876
0.28125
0.875
i243
i248
254
0.0664684846997261
-0.1411251425743103
-0.3341595530509949
0.0665321946144104
-0.1403336524963379
-0.3344801366329193
0.28125
0.375
i246
i249
255
0.039970431476831436
0.306627482175827
-0.20094510912895203
0.04027290269732475
0.30558571219444275
-0.2024659812450409
0.2812499701976776
0.8125000596046448
i247
256
0.05982000008225441
-0.204881951212883
-0.30073562264442444
0.05995453894138336
-0.2038460373878479
-0.3014121353626251
0.28125
0.3124999403953552
i254
i250
i251
257
0.050872765481472015
0.2607652544975281
-0.255754679441452
0.05109107494354248
0.25964128971099854
-0.256852388381958
0.28125
0.75
i249
i237
258
0.050872765481472015
-0.2607652544975281
-0.255754679441452
0.05109107494354248
-0.25964123010635376
-0.2568523585796356
0.28125
0.25
i250
259
0.05982000008225441
0.204881951212883
-0.30073562264442444
0.05995453894138336
0.2038460373878479
-0.3014121353626251
0.28125
0.6875000596046448
i257
i252
260
0.039970431476831436
-0.306627482175827
-0.20094510912895203
0.04027290269732475
-0.30558571219444275
-0.20246602594852448
0.2812499701976776
0.1875
i258
i236
i238
261
0.0664684846997261
0.1411251425743103
-0.3341595530509949
0.066532202064991
0.1403336524963379
-0.3344801366329193
0.28125
0.6250000596046448
i252
i239
262
0.027532121166586876
-0.3407061994075775
-0.1384134143590927
0.027906499803066254
-0.3399049937725067
-0.14029555022716522
0.28125
0.125
i236
263
0.07056249678134918
0.07194497436285019
-0.3547418713569641
0.07057904452085495
0.07151676714420319
-0.3548252582550049
0.28125
0.5625
i261
i240
i241
264
0.014035755768418312
-0.36169177293777466
-0.07056251913309097
0.014458681456744671
-0.3612537980079651
-0.07268881052732468
0.28125
0.062499940395355225
i239
265
0.07194481790065765
0.0
-0.36169159412384033
0.07194480299949646
0.0
-0.36169183254241943
0.2812499403953552
0.5
i263
i242
266
0.014035755768418312
0.36169177293777466
-0.07056251913309097
0.014458681456744671
0.3612537980079651
-0.07268881052732468
0.28125
0.9375000596046448
267
0.0
0.3687777519226074
0.0
1.0652764892427058e-08
0.3687777519226074
-1.258461335140737e-08
0.296875
1.0
i243
i264
i241
268
0.0
-0.3687777519226074
0.0
9.507453491153228e-09
-0.3687777519226074
-1.170148156148798e-08
0.296875
0.0
i246
269
0.07056249678134918
-0.07194497436285019
-0.3547418713569641
0.07057904452085495
-0.07151677459478378
-0.3548252582550049
0.28125
0.4375
i242
i261
270
1.0990433452207071e-08
0.1411251425743103
-0.34070611000061035
-3.549790150714216e-08
0.1403336524963379
-0.3410329818725586
0.25
0.6250000596046448
i259
i262
271
-1.9233258541362375e-08
-0.3407061994075775
-0.14112509787082672
-8.760405734165033e-09
-0.3399050235748291
-0.1430441290140152
0.2499999701976776
0.125
i260
272
-4.945695053493182e-08
0.07194497436285019
-0.3616916835308075
-7.949445546273637e-08
0.0715167373418808
-0.3617766797542572
0.2499999701976776
0.5625
i270
i263
273
-2.747608363051768e-09
-0.36169177293777466
-0.07194492220878601
-1.4191153141496216e-08
-0.3612537980079651
-0.07411285489797592
0.25
0.062499940395355225
i271
i264
274
-1.2089476797427778e-07
0.0
-0.3687775135040283
-2.2700355373217462e-07
-4.4423398293247374e-10
-0.36877772212028503
0.2499999701976776
0.5
i272
i265
275
-2.747608363051768e-09
0.36169177293777466
-0.07194492220878601
-1.2651026892740447e-08
0.3612537980079651
-0.07411285489797592
0.25
0.9375000596046448
276
0.0
0.3687777519226074
0.0
1.0652764892427058e-08
0.3687777519226074
-1.258461335140737e-08
0.265625
1.0
i266
i273
i264
277
0.0
-0.3687777519226074
0.0
9.507453491153228e-09
-0.3687777519226074
-1.170148156148798e-08
0.265625
0.0
i269
278
-4.945695053493182e-08
-0.07194497436285019
-0.3616916835308075
-8.038265519871857e-08
-0.0715167447924614
-0.3617766797542572
0.2499999701976776
0.4375
i265
i253
279
-1.9233258541362375e-08
0.3407061994075775
-0.14112509787082672
-8.154340314092678e-09
0.3399050235748291
-0.1430441290140152
0.2499999701976776
0.875
i266
i254
280
1.0990433452207071e-08
-0.1411251425743103
-0.34070611000061035
-3.771651790884789e-08
-0.14033368229866028
-0.3410329818725586
0.25
0.375
i269
281
-3.571890871967298e-08
0.306627482175827
-0.20488183200359344
-6.226365201200679e-08
0.30558571219444275
-0.20643258094787598
0.2499999701976776
0.8125000596046448
i279
i255
282
-3.846651708272475e-08
-0.204881951212883
-0.30662739276885986
-6.602717661507995e-08
-0.2038460522890091
-0.30731716752052307
0.25
0.3124999403953552
i280
i256
i257
283
-5.495216726103536e-09
0.2607652544975281
-0.2607651948928833
-4.777904294428481e-08
0.25964128971099854
-0.2618843913078308
0.25
0.75
i255
i258
284
-5.495216726103536e-09
-0.2607652544975281
-0.2607651948928833
-4.512465068273741e-08
-0.25964128971099854
-0.2618843913078308
0.25
0.25
i256
285
-3.846651708272475e-08
0.204881951212883
-0.30662739276885986
-6.336836122500245e-08
0.2038460373878479
-0.30731716752052307
0.25
0.6875000596046448
i283
i259
286
-3.571890871967298e-08
-0.306627482175827
-0.20488183200359344
-5.508787381813818e-08
-0.30558571219444275
-0.20643256604671478
0.2499999701976776
0.1875
i284
i260
i280
287
-0.06646845489740372
-0.1411251425743103
-0.3341595232486725
-0.06653225421905518
-0.14033366739749908
-0.3344801366329193
0.2187500298023224
0.375
i278
i281
288
-0.03997049853205681
0.306627482175827
-0.20094507932662964
-0.040273066610097885
0.30558571219444275
-0.20246602594852448
0.21875
0.8125000596046448
i279
289
-0.05982007086277008
-0.204881951212883
-0.30073559284210205
-0.059954684227705
-0.2038460373878479
-0.3014121353626251
0.21875
0.3124999403953552
i287
i282
i283
290
-0.05087277293205261
0.2607652544975281
-0.25575464963912964
-0.051091134548187256
0.25964128971099854
-0.25685232877731323
0.21875
0.75
i281
i284
291
-0.05087277293205261
-0.2607652544975281
-0.25575464963912964
-0.051091134548187256
-0.25964128971099854
-0.25685232877731323
0.21875
0.25
i282
292
-0.05982007086277008
0.204881951212883
-0.30073559284210205
-0.059954676777124405
0.2038460522890091
-0.3014121353626251
0.21875
0.6875000596046448
i290
i285
293
-0.03997049853205681
-0.306627482175827
-0.20094507932662964
-0.04027305915951729
-0.30558571219444275
-0.20246601104736328
0.21875
0.1875
i291
i286
i270
294
-0.06646845489740372
0.1411251425743103
-0.3341595232486725
-0.06653226166963577
0.14033368229866028
-0.3344801366329193
0.2187500298023224
0.6250000596046448
i285
i271
295
-0.02753216028213501
-0.3407061994075775
-0.1384134143590927
-0.02790653519332409
-0.3399049937725067
-0.1402955800294876
0.21875
0.125
i286
296
-0.07056259363889694
0.07194497436285019
-0.3547418415546417
-0.07057923078536987
0.07151671499013901
-0.3548252284526825
0.21875
0.5625
i294
i272
i273
297
-0.014035760425031185
-0.36169177293777466
-0.07056251913309097
-0.01445870753377676
-0.3612537980079651
-0.07268878817558289
0.21875
0.062499940395355225
i271
298
-0.07194504141807556
0.0
-0.36169150471687317
-0.07194516062736511
-1.7769360427521974e-09
-0.36169174313545227
0.21874994039535522
0.5
i296
i274
299
-0.014035760425031185
0.36169177293777466
-0.07056251913309097
-0.01445870753377676
0.3612537980079651
-0.07268880307674408
0.21875
0.9375000596046448
300
0.0
0.3687777519226074
0.0
1.0652764892427058e-08
0.3687777519226074
-1.258461335140737e-08
0.234375
1.0
i275
i297
i273
301
0.0
-0.3687777519226074
0.0
9.507453491153228e-09
-0.3687777519226074
-1.170148156148798e-08
0.234375
0.0
i278
302
-0.07056259363889694
-0.07194497436285019
-0.3547418415546417
-0.07057923078536987
-0.07151671499013901
-0.3548252284526825
0.21875
0.4375
i274
i279
303
-0.02753216028213501
0.3407061994075775
-0.1384134143590927
-0.027906546369194984
0.3399049937725067
-0.1402955800294876
0.21875
0.875
i275
i295
304
-0.05400625243782997
-0.3407061994075775
-0.13038258254528046
-0.05474066361784935
-0.3399049937725067
-0.13215553760528564
0.1875
0.125
i293
305
-0.1384134590625763
0.07194497436285019
-0.3341594934463501
-0.13844601809978485
0.07151670008897781
-0.33423805236816406
0.1875
0.5625
306
-0.13038256764411926
0.1411251425743103
-0.3147714138031006
-0.130507692694664
0.1403336524963379
-0.3150734007358551
0.1875
0.6250000596046448
i296
i297
307
-0.027532128617167473
-0.36169177293777466
-0.06646843999624252
-0.028361773118376732
-0.3612537980079651
-0.06847134977579117
0.1875
0.062499940395355225
i295
308
-0.1411251574754715
0.0
-0.340705931186676
-0.14112529158592224
-4.4423401068804935e-10
-0.34070613980293274
0.1874999701976776
0.5
i305
i298
309
-0.027532128617167473
0.36169177293777466
-0.06646843999624252
-0.028361769393086433
0.3612537980079651
-0.06847134977579117
0.1875
0.9375000596046448
310
0.0
0.3687777519226074
0.0
1.0652764892427058e-08
0.3687777519226074
-1.258461335140737e-08
0.203125
1.0
i299
i307
i297
311
0.0
-0.3687777519226074
0.0
9.507453491153228e-09
-0.3687777519226074
-1.170148156148798e-08
0.203125
0.0
i302
312
-0.1384134590625763
-0.07194497436285019
-0.3341594934463501
-0.13844601809978485
-0.07151670008897781
-0.33423805236816406
0.1875
0.4375
i298
313
-0.05400625243782997
0.3407061994075775
-0.13038258254528046
-0.05474066361784935
0.3399049937725067
-0.13215555250644684
0.1875
0.875
i309
i303
i287
314
-0.13038256764411926
-0.1411251425743103
-0.3147714138031006
-0.1305077075958252
-0.1403336524963379
-0.3150734305381775
0.1875
0.375
i302
i288
315
-0.07840491831302643
0.306627482175827
-0.18928609788417816
-0.07899842411279678
0.30558571219444275
-0.19071877002716064
0.1874999701976776
0.8125000596046448
i303
316
-0.11734125018119812
-0.204881951212883
-0.2832867205142975
-0.11760525405406952
-0.2038460373878479
-0.2839239835739136
0.1875
0.3124999403953552
i314
i289
i290
317
-0.09979052096605301
0.2607652544975281
-0.24091562628746033
-0.10021881759166718
0.25964128971099854
-0.24194960296154022
0.1875
0.75
i288
i291
318
-0.09979052096605301
-0.2607652544975281
-0.24091562628746033
-0.10021882504224777
-0.25964128971099854
-0.24194960296154022
0.1875
0.25
i289
319
-0.11734125018119812
0.204881951212883
-0.2832867205142975
-0.11760525405406952
0.2038460373878479
-0.28392401337623596
0.1875
0.6875000596046448
i317
i292
320
-0.07840491831302643
-0.306627482175827
-0.18928609788417816
-0.07899842411279678
-0.30558568239212036
-0.19071877002716064
0.1874999701976776
0.1875
i318
i293
i294
i306
i292
321
-0.17035305500030518
-0.204881951212883
-0.2549512982368469
-0.17073634266853333
-0.2038460373878479
-0.2555248439311981
0.1562499701976776
0.3124999403953552
322
-0.18928614258766174
-0.1411251425743103
-0.28328678011894226
-0.18946777284145355
-0.14033369719982147
-0.28355857729911804
0.1562500298023224
0.375
i316
i317
323
-0.14487338066101074
0.2607652544975281
-0.21681833267211914
-0.14549517631530762
0.25964128971099854
-0.21774891018867493
0.1562500298023224
0.75
i315
i318
324
-0.14487338066101074
-0.2607652544975281
-0.21681833267211914
-0.14549517631530762
-0.25964128971099854
-0.21774891018867493
0.1562500298023224
0.25
i316
325
-0.17035305500030518
0.204881951212883
-0.2549512982368469
-0.17073634266853333
0.20384599268436432
-0.25552481412887573
0.1562499701976776
0.6875000596046448
i323
i319
326
-0.11382626742124557
-0.306627482175827
-0.170352965593338
-0.11468785256147385
-0.30558571219444275
-0.17164233326911926
0.1562499701976776
0.18749994039535522
i324
i320
i306
327
-0.18928614258766174
0.1411251425743103
-0.28328678011894226
-0.18946775794029236
0.14033368229866028
-0.28355857729911804
0.1562500298023224
0.6250000596046448
i319
i304
328
-0.07840491831302643
-0.3407061994075775
-0.11734122037887573
-0.07947113364934921
-0.3399049937725067
-0.11893684417009354
0.1562499701976776
0.125
i320
329
-0.2009451687335968
0.07194497436285019
-0.30073559284210205
-0.2009924352169037
0.07151669263839722
-0.30080628395080566
0.1562499701976776
0.5625
i327
i305
330
-0.039970457553863525
-0.36169177293777466
-0.059820011258125305
-0.04117491841316223
-0.3612537980079651
-0.06162257492542267
0.1562500298023224
0.062499940395355225
i328
i307
331
-0.20488190650939941
0.0
-0.30662718415260315
-0.20488211512565613
-8.884679658649475e-10
-0.30662739276885986
0.15624994039535522
0.5
i329
i308
332
-0.039970457553863525
0.36169177293777466
-0.059820011258125305
-0.04117491841316223
0.3612537980079651
-0.06162257865071297
0.1562500298023224
0.9375000596046448
333
0.0
0.3687777519226074
0.0
1.0652764892427058e-08
0.3687777519226074
-1.258461335140737e-08
0.171875
1.0
i309
i330
i307
334
0.0
-0.3687777519226074
0.0
9.507453491153228e-09
-0.3687777519226074
-1.170148156148798e-08
0.171875
0.0
i312
335
-0.2009451687335968
-0.07194497436285019
-0.30073559284210205
-0.2009924352169037
-0.07151669263839722
-0.30080628395080566
0.1562499701976776
0.4375
i308
336
-0.07840491831302643
0.3407061994075775
-0.11734122037887573
-0.07947111874818802
0.3399049937725067
-0.11893685162067413
0.1562499701976776
0.875
i332
i313
i314
i322
i312
i315
337
-0.11382626742124557
0.306627482175827
-0.170352965593338
-0.11468783020973206
0.30558571219444275
-0.17164233326911926
0.1562499701976776
0.8125001192092896
i313
338
-0.050872739404439926
-0.36169177293777466
-0.05087273195385933
-0.052405714988708496
-0.3612537980079651
-0.05240568518638611
0.125
0.062499940395355225
339
-0.09979052096605301
-0.3407061994075775
-0.09979049861431122
-0.10114751011133194
-0.3399049639701843
-0.10114746540784836
0.125
0.125
i330
340
-0.2607651352882385
0.0
-0.2607649266719818
-0.2607654333114624
-4.4423398293247374e-10
-0.26076504588127136
0.12499994039535522
0.5
341
-0.25575464963912964
0.07194497436285019
-0.2557545602321625
-0.2558148503303528
0.07151664048433304
-0.25581470131874084
0.12499997019767761
0.5625
i331
342
-0.050872739404439926
0.36169177293777466
-0.05087273195385933
-0.052405714988708496
0.3612537980079651
-0.05240568891167641
0.125
0.9375000596046448
343
0.0
0.3687777519226074
0.0
1.0652764892427058e-08
0.3687777519226074
-1.258461335140737e-08
0.1406249701976776
1.0
i332
i338
i330
344
0.0
-0.3687777519226074
0.0
9.507453491153228e-09
-0.3687777519226074
-1.170148156148798e-08
0.1406249701976776
0.0
i335
345
-0.25575464963912964
-0.07194497436285019
-0.2557545602321625
-0.25581488013267517
-0.07151664793491364
-0.25581470131874084
0.12499997019767761
0.4375
i331
i336
346
-0.09979052096605301
0.3407061994075775
-0.09979049861431122
-0.10114753246307373
0.3399049639701843
-0.10114747285842896
0.125
0.875
i332
i322
347
-0.24091558158397675
-0.1411251425743103
-0.24091559648513794
-0.2411467283964157
-0.14033369719982147
-0.24114669859409332
0.125
0.375
i335
i337
348
-0.14487335085868835
0.306627482175827
-0.14487327635288239
-0.1459699273109436
0.30558571219444275
-0.14596979320049286
0.12499997019767761
0.8125001192092896
i336
349
-0.21681830286979675
-0.204881951212883
-0.21681824326515198
-0.21730607748031616
-0.2038460075855255
-0.2173060178756714
0.12499997019767761
0.3124999403953552
i347
i321
i323
350
-0.18438884615898132
0.2607652544975281
-0.18438883125782013
-0.18518024682998657
0.25964125990867615
-0.185180202126503
0.125
0.75
i337
i324
351
-0.18438884615898132
-0.2607652544975281
-0.18438883125782013
-0.18518027663230896
-0.25964128971099854
-0.185180202126503
0.125
0.25
i321
352
-0.21681830286979675
0.204881951212883
-0.21681824326515198
-0.21730610728263855
0.2038460075855255
-0.2173060178756714
0.12499997019767761
0.6875000596046448
i350
i325
353
-0.14487335085868835
-0.306627482175827
-0.14487327635288239
-0.14596989750862122
-0.30558571219444275
-0.14596977829933167
0.12499997019767761
0.18749994039535522
i351
i326
i327
354
-0.24091558158397675
0.1411251425743103
-0.24091559648513794
-0.2411467283964157
0.14033369719982147
-0.24114669859409332
0.125
0.6250000596046448
i325
i328
i339
i326
i341
i354
i329
i350
355
-0.21681833267211914
0.2607652544975281
-0.14487336575984955
-0.21774891018867493
0.25964128971099854
-0.14549514651298523
0.09375
0.7500000596046448
i348
i351
356
-0.21681833267211914
-0.2607652544975281
-0.14487336575984955
-0.21774891018867493
-0.25964128971099854
-0.14549516141414642
0.09375
0.25
i349
357
-0.2549513578414917
0.204881951212883
-0.1703529804944992
-0.2555249035358429
0.2038460075855255
-0.1707361936569214
0.09375
0.6875000596046448
i355
i352
358
-0.1703530102968216
-0.306627482175827
-0.11382618546485901
-0.17164243757724762
-0.30558571219444275
-0.11468768864870071
0.09374997019767761
0.18749994039535522
i356
i353
i354
359
-0.2832867503166199
0.1411251425743103
-0.18928617238998413
-0.28355857729911804
0.14033369719982147
-0.18946777284145355
0.09375
0.6250001192092896
i352
i339
360
-0.11734122782945633
-0.3407061994075775
-0.07840488106012344
-0.11893691122531891
-0.3399049639701843
-0.07947103679180145
0.09375
0.125
i353
361
-0.3007356524467468
0.07194497436285019
-0.20094503462314606
-0.3008064329624176
0.07151659578084946
-0.20099227130413055
0.09374997019767761
0.5625
i359
i341
i338
362
-0.059820011258125305
-0.36169177293777466
-0.03997044637799263
-0.06162260100245476
-0.3612537980079651
-0.04117489233613014
0.09375
0.062499940395355225
i339
363
-0.3066273033618927
0.0
-0.20488163828849792
-0.30662763118743896
-1.3327020598197237e-09
-0.2048817276954651
0.09374991059303284
0.5
i361
i340
364
-0.059820011258125305
0.36169177293777466
-0.03997044637799263
-0.06162260100245476
0.3612537980079651
-0.04117489606142044
0.09375
0.9375000596046448
365
0.0
0.3687777519226074
0.0
1.0652764892427058e-08
0.3687777519226074
-1.258461335140737e-08
0.109375
1.0
i342
i362
i338
366
0.0
-0.3687777519226074
0.0
9.507453491153228e-09
-0.3687777519226074
-1.170148156148798e-08
0.109375
0.0
i345
367
-0.3007356524467468
-0.07194497436285019
-0.20094503462314606
-0.3008064031600952
-0.07151660323143005
-0.20099227130413055
0.09374997019767761
0.4375
i340
i346
368
-0.11734122782945633
0.3407061994075775
-0.07840488106012344
-0.11893691122531891
0.3399049639701843
-0.07947104424238205
0.09375
0.875
i342
i347
369
-0.2832867503166199
-0.1411251425743103
-0.18928617238998413
-0.28355857729911804
-0.14033369719982147
-0.18946777284145355
0.09375
0.3749999403953552
i345
i348
370
-0.1703530102968216
0.306627482175827
-0.11382618546485901
-0.17164242267608643
0.30558571219444275
-0.11468768864870071
0.09374997019767761
0.8125001192092896
i346
371
-0.2549513578414917
-0.204881951212883
-0.1703529804944992
-0.2555249035358429
-0.2038460075855255
-0.17073622345924377
0.09375
0.3124999403953552
i369
i349
372
-0.3407059609889984
0.0
-0.14112485945224762
-0.34070634841918945
-4.4423398293247374e-10
-0.1411249190568924
0.062499940395355225
0.5
373
-0.3341595232486725
0.07194497436285019
-0.13841331005096436
-0.3342381417751312
0.07151655107736588
-0.13844583928585052
0.0625
0.5625
i363
374
-0.06646843254566193
0.36169177293777466
-0.027532117441296577
-0.06847137212753296
0.3612537980079651
-0.028361741453409195
0.0625
0.9375000596046448
375
0.0
0.3687777519226074
0.0
1.0652764892427058e-08
0.3687777519226074
-1.258461335140737e-08
0.078125
1.0
i364
376
-0.06646843254566193
-0.36169177293777466
-0.027532117441296577
-0.06847136467695236
-0.3612537980079651
-0.028361741453409195
0.0625
0.062499940395355225
i362
377
0.0
-0.3687777519226074
0.0
9.507453491153228e-09
-0.3687777519226074
-1.170148156148798e-08
0.078125
0.0
i367
378
-0.3341595232486725
-0.07194497436285019
-0.13841331005096436
-0.3342381417751312
-0.07151655107736588
-0.13844583928585052
0.0625
0.4375
i363
i368
379
-0.13038258254528046
0.3407061994075775
-0.05400621518492699
-0.1321556270122528
0.3399049937725067
-0.05474058911204338
0.0625
0.875
i364
i369
380
-0.3147713840007782
-0.1411251425743103
-0.13038258254528046
-0.3150734007358551
-0.14033369719982147
-0.1305076777935028
0.06250002980232239
0.3749999403953552
i367
i370
381
-0.18928609788417816
0.306627482175827
-0.07840482145547867
-0.19071881473064423
0.30558571219444275
-0.07899821549654007
0.0625
0.8125001192092896
i368
382
-0.2832867205142975
-0.204881951212883
-0.11734114587306976
-0.28392407298088074
-0.2038460075855255
-0.11760509014129639
0.0625
0.31249988079071045
i380
i371
i355
383
-0.24091562628746033
0.2607652544975281
-0.09979050606489182
-0.2419496476650238
0.25964125990867615
-0.10021884739398956
0.06250002980232239
0.75
i370
i356
384
-0.24091562628746033
-0.2607652544975281
-0.09979050606489182
-0.2419496476650238
-0.25964128971099854
-0.10021881759166718
0.06250002980232239
0.25
i371
i357
385
-0.2832867205142975
0.204881951212883
-0.11734114587306976
-0.28392407298088074
0.2038460075855255
-0.11760509759187698
0.0625
0.6875001192092896
i355
386
-0.18928609788417816
-0.306627482175827
-0.07840482145547867
-0.19071881473064423
-0.30558574199676514
-0.07899821549654007
0.0625
0.18749994039535522
i384
i358
i359
387
-0.3147713840007782
0.1411251425743103
-0.13038258254528046
-0.3150734007358551
0.14033369719982147
-0.1305076628923416
0.06250002980232239
0.6250001192092896
i357
i360
388
-0.13038258254528046
-0.3407061994075775
-0.05400621518492699
-0.1321556270122528
-0.3399049937725067
-0.05474059656262398
0.0625
0.125
i358
i373
i387
i361
i362
i376
i360
i384
389
-0.25575464963912964
-0.2607652544975281
-0.05087275430560112
-0.25685232877731323
-0.25964128971099854
-0.05109107494354248
0.03125
0.25
i382
390
-0.30073559284210205
0.204881951212883
-0.059819966554641724
-0.3014121651649475
0.20384596288204193
-0.05995455011725426
0.031249970197677612
0.6875000596046448
391
-0.25575464963912964
0.2607652544975281
-0.05087275430560112
-0.256852388381958
0.25964128971099854
-0.051091086119413376
0.03125
0.75
i385
392
-0.20094503462314606
-0.306627482175827
-0.03997040167450905
-0.2024659812450409
-0.30558574199676514
-0.04027291014790535
0.031249970197677612
0.18749994039535522
i389
i386
i387
393
-0.3341595232486725
0.1411251425743103
-0.06646846234798431
-0.3344801366329193
0.14033369719982147
-0.0665322095155716
0.03125
0.6250000596046448
i385
i388
394
-0.13841339945793152
-0.3407061994075775
-0.027532117441296577
-0.14029565453529358
-0.3399049937725067
-0.027906490489840508
0.031249970197677612
0.125
i386
395
-0.3547418415546417
0.07194497436285019
-0.070562444627285
-0.35482534766197205
0.07151652127504349
-0.07057901471853256
0.031249970197677612
0.5625
i393
i373
i376
396
-0.07056250423192978
-0.36169177293777466
-0.014035748317837715
-0.07268881052732468
-0.3612537980079651
-0.014458684250712395
0.03125
0.062499940395355225
i388
397
-0.3616914749145508
0.0
-0.07194474339485168
-0.3616918623447418
4.4423398293247374e-10
-0.07194475829601288
0.031249940395355225
0.5
i395
i372
398
-0.07056250423192978
0.36169177293777466
-0.014035748317837715
-0.07268881797790527
0.3612537980079651
-0.014458687044680119
0.03125
0.9375000596046448
399
0.0
0.3687777519226074
0.0
1.0652764892427058e-08
0.3687777519226074
-1.258461335140737e-08
0.04687502980232239
1.0
i374
i396
i376
400
0.0
-0.3687777519226074
0.0
9.507453491153228e-09
-0.3687777519226074
-1.170148156148798e-08
0.04687502980232239
0.0
i378
401
-0.3547418415546417
-0.07194497436285019
-0.070562444627285
-0.35482534766197205
-0.07151652872562408
-0.07057902216911316
0.031249970197677612
0.4375
i372
i379
402
-0.13841339945793152
0.3407061994075775
-0.027532117441296577
-0.14029563963413239
0.3399049937725067
-0.027906494215130806
0.031249970197677612
0.8750000596046448
i374
i380
403
-0.3341595232486725
-0.1411251425743103
-0.06646846234798431
-0.3344801366329193
-0.14033369719982147
-0.0665322095155716
0.03125
0.375
i378
i381
404
-0.20094503462314606
0.306627482175827
-0.03997040167450905
-0.2024659812450409
0.30558571219444275
-0.04027290642261505
0.031249970197677612
0.8125001192092896
i379
405
-0.30073559284210205
-0.204881951212883
-0.059819966554641724
-0.3014121651649475
-0.20384596288204193
-0.05995455011725426
0.031249970197677612
0.3124999403953552
i403
i382
i383
i391
i381
406
-0.07194490730762482
0.36169177293777466
6.8690209076294195e-09
-0.07411286979913712
0.3612537980079651
1.2265996218729924e-08
0.0
0.9375000596046448
407
0.0
0.3687777519226074
0.0
1.0652764892427058e-08
0.3687777519226074
-1.258461335140737e-08
0.015625
1.0
i398
408
-0.07194490730762482
-0.36169177293777466
6.8690209076294195e-09
-0.07411286979913712
-0.3612537980079651
1.5291243826709433e-08
0.0
0.062499940395355225
i396
409
0.0
-0.3687777519226074
0.0
9.507453491153228e-09
-0.3687777519226074
-1.170148156148798e-08
0.015625
0.0
i401
410
-0.3616916239261627
-0.07194497436285019
9.891390106986364e-08
-0.36177676916122437
-0.07151653617620468
1.5632433303380822e-07
0.0
0.4375
i397
i402
411
-0.14112506806850433
0.3407061994075775
1.9233258541362375e-08
-0.14304418861865997
0.3399049937725067
2.9752325048093553e-08
0.0
0.8750000596046448
i398
i403
412
-0.34070608019828796
-0.1411251425743103
5.495216726103536e-09
-0.3410329818725586
-0.14033366739749908
4.392864028091026e-08
0.0
0.3749999403953552
i401
413
-0.20488177239894867
0.306627482175827
5.4952167261035356e-08
-0.2064325213432312
0.30558574199676514
6.270522590057226e-08
0.0
0.8125001192092896
i411
i404
414
-0.3066273331642151
-0.204881951212883
6.044738398713889e-08
-0.30731716752052307
-0.20384596288204193
9.88191715123321e-08
0.0
0.3124999403953552
i412
i405
i391
415
-0.2607651650905609
0.2607652544975281
1.0990433452207071e-08
-0.2618843913078308
0.25964128971099854
4.379745632832055e-08
0.0
0.7500000596046448
i404
i389
416
-0.2607651650905609
-0.2607652544975281
1.0990433452207071e-08
-0.2618843913078308
-0.2596413195133209
4.158546573762578e-08
0.0
0.25
i405
417
-0.3066273331642151
0.204881951212883
6.044738398713889e-08
-0.30731716752052307
0.20384596288204193
9.793290445259117e-08
0.0
0.6875000596046448
i415
i390
418
-0.20488177239894867
-0.306627482175827
5.4952167261035356e-08
-0.2064325213432312
-0.30558571219444275
5.806857217294237e-08
0.0
0.18749994039535522
i416
i392
i393
419
-0.34070608019828796
0.1411251425743103
5.495216726103536e-09
-0.3410329818725586
0.1403336524963379
4.25974739926005e-08
0.0
0.6250001192092896
i390
i394
420
-0.14112506806850433
-0.3407061994075775
1.9233258541362375e-08
-0.14304417371749878
-0.3399049937725067
2.958703149147368e-08
0.0
0.125
i392
421
-0.3616916239261627
0.07194497436285019
9.891390106986364e-08
-0.36177676916122437
0.07151652872562408
1.5454789092927967e-07
0.0
0.5625
i419
i395
i396
i408
i394
422
-0.36877739429473877
0.0
1.6485650178310607e-07
-0.3687777519226074
8.884679658649475e-10
1.9146483509757672e-07
0.0
0.5
i421
i397
423
-0.3007355332374573
0.204881951212883
0.05982008948922157
-0.3014121353626251
0.20384599268436432
0.05995473638176918
0.9687499403953552
0.6875001192092896
424
-0.25575464963912964
0.2607652544975281
0.05087277665734291
-0.25685232877731323
0.25964128971099854
0.05109115689992905
0.96875
0.7500000596046448
425
-0.3066273331642151
0.204881951212883
6.044738398713889e-08
-0.30731716752052307
0.20384596288204193
9.793290445259117e-08
1.0
0.6875000596046448
426
-0.20094501972198486
-0.306627482175827
0.039970505982637405
-0.20246601104736328
-0.30558571219444275
0.04027306288480759
0.9687499403953552
0.18749994039535522
427
-0.25575464963912964
-0.2607652544975281
0.05087277665734291
-0.2568523585796356
-0.25964125990867615
0.05109114944934845
0.96875
0.25
428
-0.20488177239894867
-0.306627482175827
5.4952167261035356e-08
-0.2064325213432312
-0.30558571219444275
5.806857217294237e-08
1.0
0.18749994039535522
429
-0.34070608019828796
0.1411251425743103
5.495216726103536e-09
-0.3410329818725586
0.1403336524963379
4.25974739926005e-08
1.0
0.6250001192092896
430
-0.3341594934463501
0.1411251425743103
0.06646846234798431
-0.3344801366329193
0.1403336524963379
0.06653228402137756
0.96875
0.6250001192092896
i425
431
-0.14112506806850433
-0.3407061994075775
1.9233258541362375e-08
-0.14304417371749878
-0.3399049937725067
2.958703149147368e-08
1.0
0.125
432
-0.13841338455677032
-0.3407061994075775
0.027532154694199562
-0.14029563963413239
-0.3399049937725067
0.027906548231840134
0.9687499403953552
0.125
i428
433
-0.35474178194999695
0.07194497436285019
0.07056263089179993
-0.35482528805732727
0.07151655107736588
0.07057930529117584
0.9687499403953552
0.5625000596046448
i430
434
-0.3616916239261627
0.07194497436285019
9.891390106986364e-08
-0.36177676916122437
0.07151652872562408
1.5454789092927967e-07
1.0
0.5625
435
-0.07194490730762482
-0.36169177293777466
6.8690209076294195e-09
-0.07411286979913712
-0.3612537980079651
1.5291243826709433e-08
1.0
0.062499940395355225
436
-0.07056250423192978
-0.36169177293777466
0.01403576135635376
-0.07268880307674408
-0.3612537980079651
0.014458712190389633
0.96875
0.062499940395355225
i431
437
-0.361691415309906
0.0
0.07194506376981735
-0.36169174313545227
-4.4423403844362497e-10
0.0719451755285263
0.9687498807907104
0.5
i433
438
-0.36877739429473877
0.0
1.6485650178310607e-07
-0.3687777519226074
8.884679658649475e-10
1.9146483509757672e-07
1.0
0.5
439
-0.07056250423192978
0.36169177293777466
0.01403576135635376
-0.07268881797790527
0.3612537980079651
0.014458717778325081
0.96875
0.9375000596046448
440
0.0
0.3687777519226074
0.0
1.0652764892427058e-08
0.3687777519226074
-1.258461335140737e-08
0.984375
1.0
441
-0.07194490730762482
0.36169177293777466
6.8690209076294195e-09
-0.07411286979913712
0.3612537980079651
1.2265996218729924e-08
1.0
0.9375000596046448
i436
i435
442
0.0
-0.3687777519226074
0.0
9.507453491153228e-09
-0.3687777519226074
-1.170148156148798e-08
0.984375
0.0
443
-0.3616916239261627
-0.07194497436285019
9.891390106986364e-08
-0.36177676916122437
-0.07151653617620468
1.5632433303380822e-07
1.0
0.4375
444
-0.35474178194999695
-0.07194497436285019
0.07056263089179993
-0.35482528805732727
-0.07151655107736588
0.07057929784059525
0.9687499403953552
0.4375
i438
445
-0.14112506806850433
0.3407061994075775
1.9233258541362375e-08
-0.14304418861865997
0.3399049937725067
2.9752325048093553e-08
1.0
0.8750000596046448
446
-0.13841338455677032
0.3407061994075775
0.027532154694199562
-0.1402956247329712
0.3399049937725067
0.027906546369194984
0.9687499403953552
0.8750000596046448
i441
447
-0.34070608019828796
-0.1411251425743103
5.495216726103536e-09
-0.3410329818725586
-0.14033366739749908
4.392864028091026e-08
1.0
0.3749999403953552
448
-0.3341594934463501
-0.1411251425743103
0.06646846234798431
-0.3344801366329193
-0.14033368229866028
0.06653229147195816
0.96875
0.3749999403953552
i443
449
-0.20094501972198486
0.306627482175827
0.039970505982637405
-0.2024659812450409
0.30558571219444275
0.04027305915951729
0.9687499403953552
0.8125001192092896
i446
450
-0.20488177239894867
0.306627482175827
5.4952167261035356e-08
-0.2064325213432312
0.30558574199676514
6.270522590057226e-08
1.0
0.8125001192092896
451
-0.3007355332374573
-0.204881951212883
0.05982008948922157
-0.3014121353626251
-0.20384599268436432
0.05995473638176918
0.9687499403953552
0.31249988079071045
i448
452
-0.3066273331642151
-0.204881951212883
6.044738398713889e-08
-0.30731716752052307
-0.20384596288204193
9.88191715123321e-08
1.0
0.3124999403953552
453
-0.2607651650905609
0.2607652544975281
1.0990433452207071e-08
-0.2618843913078308
0.25964128971099854
4.379745632832055e-08
1.0
0.7500000596046448
i424
i450
454
-0.2607651650905609
-0.2607652544975281
1.0990433452207071e-08
-0.2618843913078308
-0.2596413195133209
4.158546573762578e-08
1.0
0.25
i427
i452
i444
455
-0.3341594338417053
-0.07194497436285019
0.1384134739637375
-0.33423808217048645
-0.07151655107736588
0.13844607770442963
0.9374999403953552
0.4375
i437
i446
456
-0.13038255274295807
0.3407061994075775
0.054006241261959076
-0.13215558230876923
0.33990493416786194
0.05474068224430084
0.9375
0.8750000596046448
i439
i448
457
-0.3147713541984558
-0.1411251425743103
0.13038256764411926
-0.3150734305381775
-0.14033368229866028
0.1305077075958252
0.9375
0.3749999403953552
i444
458
-0.1892860382795334
0.306627482175827
0.07840491086244583
-0.19071872532367706
0.30558574199676514
0.07899843156337738
0.9374999403953552
0.8125001192092896
i456
i449
459
-0.2832866609096527
-0.204881951212883
0.11734125018119812
-0.28392401337623596
-0.20384599268436432
0.11760527640581131
0.9374999403953552
0.31249988079071045
i457
i451
i424
460
-0.24091559648513794
0.2607652544975281
0.09979052096605301
-0.24194961786270142
0.25964125990867615
0.10021884739398956
0.9375
0.7500000596046448
i449
i427
461
-0.24091559648513794
-0.2607652544975281
0.09979052096605301
-0.24194961786270142
-0.25964125990867615
0.10021884739398956
0.9375
0.25
i451
462
-0.2832866609096527
0.204881951212883
0.11734125018119812
-0.28392401337623596
0.20384596288204193
0.11760527640581131
0.9374999403953552
0.6875001192092896
i460
i423
463
-0.1892860382795334
-0.306627482175827
0.07840491086244583
-0.19071872532367706
-0.30558574199676514
0.07899843156337738
0.9374999403953552
0.18749994039535522
i461
i426
i430
464
-0.3147713541984558
0.1411251425743103
0.13038256764411926
-0.3150734007358551
0.14033368229866028
0.1305077075958252
0.9375
0.6250001192092896
i423
i432
465
-0.13038255274295807
-0.3407061994075775
0.054006241261959076
-0.13215559720993042
-0.3399049639701843
0.054740700870752335
0.9375
0.125
i426
466
-0.3341594338417053
0.07194497436285019
0.1384134739637375
-0.33423808217048645
0.07151655107736588
0.13844607770442963
0.9374999403953552
0.5625000596046448
i464
i433
i436
467
-0.06646842509508133
-0.36169177293777466
0.027532128617167473
-0.06847136467695236
-0.3612537980079651
0.02836178056895733
0.9375
0.062499940395355225
i432
468
-0.3407058119773865
0.0
0.1411251574754715
-0.34070611000061035
8.884679658649475e-10
0.14112533628940582
0.9374998807907104
0.5
i466
i437
469
-0.06646842509508133
0.36169177293777466
0.027532128617167473
-0.06847136467695236
0.3612537980079651
0.02836178056895733
0.9375
0.9375000596046448
470
0.0
0.3687777519226074
0.0
1.0652764892427058e-08
0.3687777519226074
-1.258461335140737e-08
0.953125
1.0
i439
i467
i436
471
0.0
-0.3687777519226074
0.0
9.507453491153228e-09
-0.3687777519226074
-1.170148156148798e-08
0.953125
0.0
472
-0.17035290598869324
-0.306627482175827
0.11382625997066498
-0.17164231836795807
-0.30558571219444275
0.11468785256147385
0.9062499403953552
0.18749994039535522
473
-0.21681830286979675
-0.2607652544975281
0.14487338066101074
-0.21774886548519135
-0.25964128971099854
0.14549517631530762
0.90625
0.25
i463
i464
474
-0.2832867205142975
0.1411251425743103
0.18928614258766174
-0.28355851769447327
0.14033369719982147
0.18946780264377594
0.90625
0.6250001192092896
i462
475
-0.11734119057655334
-0.3407061994075775
0.07840490341186523
-0.11893689632415771
-0.3399049937725067
0.07947114109992981
0.90625
0.125
i472
i465
476
-0.3007355034351349
0.07194497436285019
0.2009451687335968
-0.30080628395080566
0.07151652872562408
0.20099252462387085
0.90625
0.5625000596046448
i474
i466
i467
477
-0.05981999635696411
-0.36169177293777466
0.03997045382857323
-0.06162259727716446
-0.3612537980079651
0.04117491841316223
0.90625
0.062499940395355225
i465
478
-0.3066270649433136
0.0
0.20488187670707703
-0.30662739276885986
-8.884679658649475e-10
0.2048821598291397
0.9062499403953552
0.5
i476
i468
479
-0.05981999635696411
0.36169177293777466
0.03997045382857323
-0.06162260100245476
0.3612537980079651
0.04117492586374283
0.90625
0.9375000596046448
480
0.0
0.3687777519226074
0.0
1.0652764892427058e-08
0.3687777519226074
-1.258461335140737e-08
0.921875
1.0
i469
i477
i467
481
0.0
-0.3687777519226074
0.0
9.507453491153228e-09
-0.3687777519226074
-1.170148156148798e-08
0.921875
0.0
i455
482
-0.3007355034351349
-0.07194497436285019
0.2009451687335968
-0.30080631375312805
-0.07151652872562408
0.20099252462387085
0.90625
0.4375
i468
483
-0.11734119057655334
0.3407061994075775
0.07840490341186523
-0.11893688887357712
0.3399049639701843
0.07947114109992981
0.90625
0.8750000596046448
i479
i456
i457
484
-0.2832867205142975
-0.1411251425743103
0.18928614258766174
-0.28355851769447327
-0.14033368229866028
0.18946780264377594
0.90625
0.3749999403953552
i455
i458
485
-0.17035290598869324
0.306627482175827
0.11382625997066498
-0.17164231836795807
0.30558574199676514
0.11468785256147385
0.9062499403953552
0.8125001192092896
i456
486
-0.25495123863220215
-0.204881951212883
0.17035305500030518
-0.2555248439311981
-0.2038460075855255
0.1707363873720169
0.90625
0.31249988079071045
i484
i459
i460
487
-0.21681830286979675
0.2607652544975281
0.14487338066101074
-0.21774892508983612
0.25964128971099854
0.14549517631530762
0.90625
0.7500000596046448
i458
i461
i473
i459
488
-0.25495123863220215
0.204881951212883
0.17035305500030518
-0.2555248439311981
0.20384596288204193
0.1707363873720169
0.90625
0.6875001192092896
i487
i462
i484
489
-0.24091555178165436
-0.1411251425743103
0.24091555178165436
-0.24114669859409332
-0.14033369719982147
0.2411467283964157
0.875
0.3749999403953552
i482
490
-0.1448732167482376
0.306627482175827
0.14487332105636597
-0.14596974849700928
0.30558574199676514
0.14596989750862122
0.8749998807907104
0.8125001192092896
491
-0.09979047626256943
0.3407061994075775
0.09979049861431122
-0.10114751756191254
0.3399049639701843
0.10114753991365433
0.875
0.8750000596046448
i485
492
-0.216818168759346
-0.204881951212883
0.21681828796863556
-0.2173059731721878
-0.20384596288204193
0.21730615198612213
0.8749999403953552
0.31249988079071045
i489
i486
i487
493
-0.18438881635665894
0.2607652544975281
0.18438883125782013
-0.18518023192882538
0.25964125990867615
0.18518027663230896
0.875
0.7500000596046448
i485
i473
494
-0.18438881635665894
-0.2607652544975281
0.18438883125782013
-0.18518023192882538
-0.25964125990867615
0.18518027663230896
0.875
0.25
i486
495
-0.216818168759346
0.204881951212883
0.21681828796863556
-0.2173059731721878
0.20384596288204193
0.21730615198612213
0.8749999403953552
0.6875001192092896
i493
i488
496
-0.1448732167482376
-0.306627482175827
0.14487332105636597
-0.14596976339817047
-0.30558571219444275
0.1459699273109436
0.8749998807907104
0.18749994039535522
i494
i472
i474
497
-0.24091555178165436
0.1411251425743103
0.24091555178165436
-0.2411467283964157
0.14033369719982147
0.2411467432975769
0.875
0.6250001192092896
i488
i475
498
-0.09979047626256943
-0.3407061994075775
0.09979049861431122
-0.10114753246307373
-0.3399049937725067
0.10114755481481552
0.875
0.125
i472
499
-0.2557545006275177
0.07194497436285019
0.25575464963912964
-0.25581470131874084
0.07151652127504349
0.25581493973731995
0.8749999403953552
0.5625000596046448
i497
i476
i477
500
-0.050872720777988434
-0.36169177293777466
0.05087273195385933
-0.0524057075381279
-0.3612537980079651
0.05240573734045029
0.875
0.062499940395355225
i475
501
-0.26076483726501465
0.0
0.26076510548591614
-0.26076510548591614
8.884679658649475e-10
0.2607654333114624
0.8749998807907104
0.5
i499
i478
502
-0.050872720777988434
0.36169177293777466
0.05087273195385933
-0.0524057112634182
0.3612537980079651
0.05240573361515999
0.875
0.9375000596046448
503
0.0
0.3687777519226074
0.0
1.0652764892427058e-08
0.3687777519226074
-1.258461335140737e-08
0.890625
1.0
i479
i500
i477
504
0.0
-0.3687777519226074
0.0
9.507453491153228e-09
-0.3687777519226074
-1.170148156148798e-08
0.890625
0.0
i482
505
-0.2557545006275177
-0.07194497436285019
0.25575464963912964
-0.25581470131874084
-0.07151652127504349
0.25581488013267517
0.8749999403953552
0.4375
i478
i483
i491
i479
i498
506
-0.07840486615896225
-0.3407061994075775
0.11734120547771454
-0.07947110384702682
-0.3399049937725067
0.1189369335770607
0.84375
0.125
i496
507
-0.20094498991966248
0.07194497436285019
0.30073559284210205
-0.20099225640296936
0.07151646912097931
0.30080646276474
0.8437499403953552
0.5625000596046448
508
-0.18928612768650055
0.1411251425743103
0.2832867205142975
-0.18946780264377594
0.14033369719982147
0.28355854749679565
0.84375
0.6250001192092896
i499
i500
509
-0.039970435202121735
-0.36169177293777466
0.05982000008225441
-0.041174884885549545
-0.3612537980079651
0.06162262335419655
0.84375
0.062499940395355225
i498
510
-0.20488157868385315
0.0
0.3066272437572479
-0.2048817276954651
1.7769360427521974e-09
0.30662763118743896
0.8437498807907104
0.5
i507
i501
511
-0.039970435202121735
0.36169177293777466
0.05982000008225441
-0.041174884885549545
0.3612537980079651
0.06162262335419655
0.84375
0.9375000596046448
512
0.0
0.3687777519226074
0.0
1.0652764892427058e-08
0.3687777519226074
-1.258461335140737e-08
0.859375
1.0
i502
i509
i500
513
0.0
-0.3687777519226074
0.0
9.507453491153228e-09
-0.3687777519226074
-1.170148156148798e-08
0.859375
0.0
i505
514
-0.20094498991966248
-0.07194497436285019
0.30073559284210205
-0.20099230110645294
-0.0715164765715599
0.30080646276474
0.8437499403953552
0.4375
i501
i491
515
-0.07840486615896225
0.3407061994075775
0.11734120547771454
-0.07947109639644623
0.3399049937725067
0.1189369410276413
0.84375
0.8750000596046448
i502
i489
516
-0.18928612768650055
-0.1411251425743103
0.2832867205142975
-0.18946777284145355
-0.14033369719982147
0.28355857729911804
0.84375
0.3749999403953552
i505
517
-0.11382612586021423
0.306627482175827
0.1703529804944992
-0.11468766629695892
0.30558574199676514
0.17164240777492523
0.8437499403953552
0.8125001788139343
i515
i490
518
-0.17035292088985443
-0.204881951212883
0.2549512982368469
-0.17073620855808258
-0.20384596288204193
0.2555249333381653
0.8437499403953552
0.31249988079071045
i516
i492
i493
519
-0.14487335085868835
0.2607652544975281
0.21681833267211914
-0.14549517631530762
0.25964128971099854
0.21774892508983612
0.84375
0.7500000596046448
i490
i494
520
-0.14487335085868835
-0.2607652544975281
0.21681833267211914
-0.14549517631530762
-0.25964125990867615
0.21774892508983612
0.84375
0.25
i492
521
-0.17035292088985443
0.204881951212883
0.2549512982368469
-0.17073620855808258
0.20384596288204193
0.2555249333381653
0.8437499403953552
0.6875001192092896
i519
i495
522
-0.11382612586021423
-0.306627482175827
0.1703529804944992
-0.11468766629695892
-0.30558574199676514
0.17164243757724762
0.8437499403953552
0.18749982118606567
i520
i496
i497
i508
i495
i517
523
-0.07840476930141449
0.306627482175827
0.18928605318069458
-0.07899816334247589
0.3055858016014099
0.19071879982948303
0.8124999403953552
0.8125001788139343
i515
524
-0.11734110116958618
-0.204881951212883
0.2832866907119751
-0.1176050677895546
-0.20384596288204193
0.2839241325855255
0.8124999403953552
0.31249988079071045
525
-0.13038255274295807
-0.1411251425743103
0.3147713541984558
-0.13050763309001923
-0.14033368229866028
0.3150734305381775
0.8125
0.3749999403953552
i518
i519
526
-0.09979048371315002
0.2607652544975281
0.24091562628746033
-0.10021881759166718
0.25964125990867615
0.2419496476650238
0.8125
0.7500000596046448
i517
i520
527
-0.09979048371315002
-0.2607652544975281
0.24091562628746033
-0.10021883994340897
-0.25964128971099854
0.2419496476650238
0.8125
0.25
i518
528
-0.11734110116958618
0.204881951212883
0.2832866907119751
-0.1176050677895546
0.20384596288204193
0.2839241027832031
0.8124999403953552
0.6875001192092896
i526
i521
529
-0.07840476930141449
-0.306627482175827
0.18928605318069458
-0.0789981558918953
-0.30558574199676514
0.19071881473064423
0.8124999403953552
0.18749982118606567
i527
i522
i508
530
-0.13038255274295807
0.1411251425743103
0.3147713541984558
-0.13050761818885803
0.14033368229866028
0.3150734305381775
0.8125
0.6250001192092896
i521
i506
531
-0.05400620400905609
-0.3407061994075775
0.13038256764411926
-0.054740630090236664
-0.3399049937725067
0.132155641913414
0.8125
0.125
i522
532
-0.13841328024864197
0.07194497436285019
0.3341594636440277
-0.13844583928585052
0.07151642441749573
0.334238201379776
0.8124999403953552
0.5625000596046448
i530
i507
i509
533
-0.02753211371600628
-0.36169177293777466
0.06646841764450073
-0.02836175262928009
-0.3612537980079651
0.06847137212753296
0.8125
0.06249988079071045
i506
534
-0.14112481474876404
0.0
0.34070587158203125
-0.1411249041557312
0.0
0.34070634841918945
0.8124998807907104
0.5
i532
i510
535
-0.02753211371600628
0.36169177293777466
0.06646841764450073
-0.028361745178699493
0.3612537980079651
0.06847137957811356
0.8125
0.9375001192092896
536
0.0
0.3687777519226074
0.0
1.0652764892427058e-08
0.3687777519226074
-1.258461335140737e-08
0.828125
1.0
i511
i533
i509
537
0.0
-0.3687777519226074
0.0
9.507453491153228e-09
-0.3687777519226074
-1.170148156148798e-08
0.828125
0.0
i514
538
-0.13841328024864197
-0.07194497436285019
0.3341594636440277
-0.13844583928585052
-0.07151642441749573
0.334238201379776
0.8124999403953552
0.4375
i510
539
-0.05400620400905609
0.3407061994075775
0.13038256764411926
-0.05474064126610756
0.3399049937725067
0.132155641913414
0.8125
0.8750000596046448
i535
i515
i516
i525
i514
540
-0.07056242227554321
0.07194497436285019
0.35474178194999695
-0.07057946920394897
0.07151656597852707
0.3548252284526825
0.7812499403953552
0.5625000596046448
541
-0.06646843254566193
0.1411251425743103
0.3341594636440277
-0.06653232127428055
0.14033356308937073
0.3344801664352417
0.78125
0.6250001192092896
i532
542
-0.014035746455192566
-0.36169177293777466
0.07056248933076859
-0.014458698220551014
-0.3612537980079651
0.07268881797790527
0.78125
0.06249988079071045
543
-0.02753210999071598
-0.3407061994075775
0.13841338455677032
-0.027906499803066254
-0.3399049937725067
0.14029569923877716
0.7812499403953552
0.125
i533
544
-0.0719447135925293
0.0
0.3616913855075836
-0.07194562256336212
0.0
0.3616916239261627
0.7812498807907104
0.5
i540
i534
545
-0.014035746455192566
0.36169177293777466
0.07056248933076859
-0.014458687044680119
0.3612537980079651
0.07268881052732468
0.78125
0.9375001192092896
546
0.0
0.3687777519226074
0.0
1.0652764892427058e-08
0.3687777519226074
-1.258461335140737e-08
0.796875
1.0
i535
i542
i533
547
0.0
-0.3687777519226074
0.0
9.507453491153228e-09
-0.3687777519226074
-1.170148156148798e-08
0.796875
0.0
i538
548
-0.07056242227554321
-0.07194497436285019
0.35474178194999695
-0.07057946175336838
-0.07151656597852707
0.3548252284526825
0.7812499403953552
0.4375
i534
i539
549
-0.02753210999071598
0.3407061994075775
0.13841338455677032
-0.027906501665711403
0.33990493416786194
0.14029569923877716
0.7812499403953552
0.8750000596046448
i535
i525
550
-0.06646843254566193
-0.1411251425743103
0.3341594636440277
-0.06653230637311935
-0.14033354818820953
0.3344801664352417
0.78125
0.3749999403953552
i538
551
-0.039970360696315765
0.306627482175827
0.20094497501850128
-0.040273409336805344
0.3055858612060547
0.2024657428264618
0.7812499403953552
0.8125001788139343
i549
i523
552
-0.05981992930173874
-0.204881951212883
0.3007355034351349
-0.05995497852563858
-0.2038460522890091
0.30141204595565796
0.7812499403953552
0.31249988079071045
i550
i524
i526
553
-0.05087273195385933
0.2607652544975281
0.25575464963912964
-0.051091182976961136
0.259641170501709
0.2568524479866028
0.78125
0.75
i523
i527
554
-0.05087273195385933
-0.2607652544975281
0.25575464963912964
-0.051091063767671585
-0.25964125990867615
0.2568524181842804
0.78125
0.25
i524
555
-0.05981992930173874
0.204881951212883
0.3007355034351349
-0.059954967349767685
0.20384608209133148
0.30141204595565796
0.7812499403953552
0.6875001192092896
i553
i528
556
-0.039970360696315765
-0.306627482175827
0.20094497501850128
-0.04027280956506729
-0.3055857717990875
0.2024659663438797
0.7812499403953552
0.18749982118606567
i554
i529
i530
i541
i528
i531
i543
i529
i552
i3
i550
i7
i2
i553
i554
i8
i552
i11
i7
i555
i12
i8
i556
i15
i11
i541
i543
i16
i556
i19
i15
i540
i542
i20
i543
i22
i19
i544
i26
557
0.0
0.3687777519226074
0.0
1.0652764892427058e-08
0.3687777519226074
-1.258461335140737e-08
0.765625
1.0
i545
i20
i542
558
0.0
-0.3687777519226074
0.0
9.507453491153228e-09
-0.3687777519226074
-1.170148156148798e-08
0.765625
0.0
i548
i28
i544
i30
i26
i549
i550
i5
i548
i2
i30
i551
i1
i30
i2
i4
i31
i5
i0
i2
i7
i9
i4
i3
i6
i7
i11
i13
i9
i8
i10
i11
i15
i17
i13
i12
i14
i15
i19
i21
i17
i16
i23
i18
i19
i29
i23
i22
i24
i26
i30
i31
i29
i28
i32
i45
i24
i33
i48
i29
i34
i32
i1
i35
i33
i31
i36
i34
i0
i37
i35
i4
i38
i36
i6
i37
i9
i13
i40
i38
i10
i39
i13
i17
i40
i14
i18
i43
i41
i17
i44
i42
i18
i48
i44
i23
i49
i64
i38
i50
i65
i39
i51
i49
i40
i52
i50
i41
i53
i51
i42
i53
i44
i48
i58
i54
i45
i59
i57
i48
i60
i58
i32
i59
i33
i35
i62
i60
i34
i61
i35
i37
i64
i62
i36
i63
i37
i39
i66
i81
i57
i67
i82
i58
i66
i59
i61
i69
i67
i60
i70
i68
i61
i71
i69
i62
i72
i70
i63
i73
i71
i64
i74
i72
i65
i73
i49
i51
i76
i74
i50
i75
i51
i53
i81
i77
i53
i82
i78
i54
i84
i72
i74
i86
i73
i75
i87
i83
i74
i85
i75
i77
i92
i88
i77
i93
i89
i78
i94
i92
i81
i95
i93
i82
i94
i66
i68
i97
i95
i67
i98
i96
i68
i97
i69
i71
i84
i98
i70
i86
i99
i71
i100
i116
i93
i102
i94
i96
i103
i100
i95
i104
i101
i96
i103
i97
i99
i106
i104
i98
i107
i105
i99
i108
i106
i84
i107
i86
i85
i108
i83
i87
i109
i85
i88
i115
i111
i88
i116
i112
i89
i102
i115
i92
i118
i107
i109
i119
i133
i108
i117
i109
i111
i124
i120
i111
i121
i112
i116
i126
i124
i115
i127
i125
i116
i126
i102
i101
i129
i127
i100
i130
i128
i101
i129
i103
i105
i130
i104
i106
i118
i131
i105
i132
i106
i108
i135
i126
i128
i136
i150
i127
i137
i134
i128
i136
i129
i131
i137
i130
i132
i140
i138
i131
i141
i139
i132
i140
i118
i117
i143
i141
i133
i142
i117
i120
i148
i144
i120
i145
i121
i125
i135
i148
i124
i150
i149
i125
i151
i167
i141
i153
i142
i144
i157
i152
i144
i158
i154
i145
i159
i157
i148
i160
i158
i149
i159
i135
i134
i162
i160
i150
i163
i161
i134
i162
i136
i138
i163
i137
i139
i166
i164
i138
i167
i165
i139
i166
i140
i142
i168
i184
i161
i170
i162
i164
i168
i163
i165
i172
i169
i164
i173
i171
i165
i172
i166
i153
i173
i167
i151
i174
i153
i152
i180
i176
i152
i181
i177
i154
i182
i180
i157
i181
i158
i160
i182
i159
i161
i170
i183
i160
i189
i201
i176
i190
i185
i177
i191
i189
i180
i190
i181
i183
i191
i182
i184
i194
i192
i183
i195
i193
i184
i194
i170
i169
i195
i168
i171
i198
i196
i169
i199
i197
i171
i198
i172
i174
i187
i199
i173
i200
i174
i176
i203
i194
i196
i204
i218
i195
i205
i202
i196
i204
i197
i199
i205
i198
i200
i206
i199
i187
i207
i200
i201
i213
i209
i201
i214
i210
i185
i215
i213
i189
i216
i214
i190
i215
i191
i193
i203
i216
i192
i218
i217
i193
i219
i233
i209
i221
i210
i214
i222
i219
i213
i220
i214
i216
i222
i215
i217
i225
i223
i216
i226
i224
i217
i225
i203
i202
i226
i218
i204
i229
i227
i202
i230
i228
i204
i229
i205
i207
i232
i230
i206
i231
i207
i209
i237
i226
i228
i238
i252
i227
i239
i236
i228
i238
i229
i231
i241
i239
i230
i240
i231
i233
i246
i242
i233
i247
i243
i221
i248
i246
i219
i249
i247
i220
i248
i222
i224
i251
i249
i223
i237
i250
i224
i251
i225
i227
i253
i266
i243
i254
i269
i246
i255
i253
i247
i254
i248
i250
i257
i255
i249
i258
i256
i250
i257
i251
i252
i258
i237
i236
i261
i259
i252
i262
i260
i236
i261
i238
i240
i264
i262
i239
i263
i240
i242
i269
i265
i242
i270
i285
i259
i271
i286
i260
i270
i261
i263
i271
i262
i264
i272
i263
i265
i278
i274
i265
i279
i275
i266
i280
i278
i269
i279
i253
i255
i280
i254
i256
i283
i281
i255
i284
i282
i256
i283
i257
i259
i284
i258
i260
i287
i302
i278
i288
i303
i279
i287
i280
i282
i290
i288
i281
i291
i289
i282
i290
i283
i285
i291
i284
i286
i294
i292
i285
i295
i293
i286
i294
i270
i272
i297
i295
i271
i296
i272
i274
i302
i298
i274
i303
i299
i275
i304
i320
i293
i306
i294
i296
i307
i304
i295
i305
i296
i298
i312
i308
i298
i309
i299
i303
i314
i312
i302
i315
i313
i303
i314
i287
i289
i317
i315
i288
i318
i316
i289
i317
i290
i292
i318
i291
i293
i306
i319
i292
i322
i314
i316
i323
i337
i315
i324
i321
i316
i323
i317
i319
i324
i318
i320
i327
i325
i319
i328
i326
i320
i327
i306
i305
i328
i304
i307
i329
i305
i308
i335
i331
i308
i332
i309
i313
i322
i335
i312
i337
i336
i313
i339
i328
i330
i341
i329
i331
i345
i340
i331
i346
i342
i332
i347
i345
i335
i348
i346
i336
i347
i322
i321
i350
i348
i337
i351
i349
i321
i350
i323
i325
i351
i324
i326
i354
i352
i325
i339
i353
i326
i354
i327
i329
i355
i370
i348
i356
i371
i349
i355
i350
i352
i356
i351
i353
i359
i357
i352
i360
i358
i353
i359
i354
i341
i362
i360
i339
i361
i341
i340
i367
i363
i340
i368
i364
i342
i369
i367
i345
i370
i368
i346
i369
i347
i349
i373
i361
i363
i378
i372
i363
i379
i374
i364
i380
i378
i367
i381
i379
i368
i380
i369
i371
i383
i381
i370
i384
i382
i371
i385
i383
i355
i384
i356
i358
i387
i385
i357
i388
i386
i358
i387
i359
i361
i376
i388
i360
i389
i405
i382
i391
i383
i385
i389
i384
i386
i393
i390
i385
i394
i392
i386
i393
i387
i373
i396
i394
i388
i395
i373
i372
i401
i397
i372
i402
i398
i374
i403
i401
i378
i404
i402
i379
i403
i380
i382
i391
i404
i381
i410
i422
i397
i411
i406
i398
i412
i410
i401
i411
i402
i404
i412
i403
i405
i415
i413
i404
i416
i414
i405
i415
i391
i390
i416
i389
i392
i419
i417
i390
i420
i418
i392
i419
i393
i395
i408
i420
i394
i421
i395
i397
i424
i453
i425
i427
i454
i428
i430
i423
i425
i432
i426
i428
i430
i429
i434
i436
i432
i431
i433
i434
i438
i444
i437
i438
i446
i439
i441
i448
i444
i443
i446
i445
i450
i448
i447
i452
i424
i449
i450
i427
i451
i452
i455
i468
i437
i456
i469
i439
i457
i455
i444
i456
i446
i449
i457
i448
i451
i460
i458
i449
i461
i459
i451
i460
i424
i423
i461
i427
i426
i464
i462
i423
i465
i463
i426
i464
i430
i433
i467
i465
i432
i466
i433
i437
i473
i461
i463
i474
i488
i462
i472
i463
i465
i474
i464
i466
i477
i475
i465
i476
i466
i468
i482
i478
i468
i479
i469
i456
i484
i482
i455
i485
i483
i456
i484
i457
i459
i487
i485
i458
i473
i486
i459
i487
i460
i462
i489
i505
i482
i491
i483
i485
i489
i484
i486
i493
i490
i485
i494
i492
i486
i493
i487
i488
i494
i473
i472
i497
i495
i488
i498
i496
i472
i497
i474
i476
i500
i498
i475
i499
i476
i478
i505
i501
i478
i491
i502
i479
i506
i522
i496
i508
i497
i499
i509
i506
i498
i507
i499
i501
i514
i510
i501
i515
i511
i502
i516
i514
i505
i515
i491
i490
i516
i489
i492
i519
i517
i490
i520
i518
i492
i519
i493
i495
i520
i494
i496
i508
i521
i495
i523
i539
i515
i525
i516
i518
i526
i523
i517
i527
i524
i518
i526
i519
i521
i527
i520
i522
i530
i528
i521
i531
i529
i522
i530
i508
i507
i533
i531
i506
i532
i507
i510
i538
i534
i510
i535
i511
i515
i525
i538
i514
i541
i530
i532
i543
i531
i533
i540
i532
i534
i548
i544
i534
i549
i545
i535
i550
i548
i538
i549
i539
i523
i550
i525
i524
i553
i551
i523
i554
i552
i524
i553
i526
i528
i554
i527
i529
i541
i555
i528
i543
i556
i529
i3
i5
i550
i2
i551
i553
i8
i3
i552
i7
i553
i555
i8
i554
i556
i11
i555
i541
i16
i12
i556
i15
i541
i540
i20
i16
i543
i19
i540
i544
i28
i22
i544
i26
i545
i549
i5
i28
i548
i30
i549
i551
end
