mesh name=Sphere
0
0.0
0.0
1.0
-2.8669785478996346e-06
-7.227677123466947e-09
1.0
0.75
0.5
1
0.19509032368659973
0.0
0.9807852506637573
0.19509048759937286
3.131991732630013e-08
0.9807852506637573
0.71875
0.5
2
0.0
0.19509032368659973
0.9807852506637573
-2.0074969597771997e-06
0.193930521607399
0.9810152649879456
0.75
0.5625
3
0.03806023299694061
0.9807852506637573
0.19134171307086945
0.03920659422874451
0.9795975685119629
0.19710750877857208
0.71875
0.9375000596046448
4
0.0
1.0
0.0
2.888667971490122e-08
1.0
-3.4125196890499865e-08
0.734375
1.0
5
1.4901161193847656e-08
0.9807852506637573
0.19509010016918182
-5.727491725338041e-07
0.9795976281166077
0.20096875727176666
0.75
0.9375001192092896
6
0.03806023299694061
-0.9807852506637573
0.19134171307086945
0.039206601679325104
-0.9795975685119629
0.19710755348205566
0.71875
0.062499940395355225
7
1.4901161193847656e-08
-0.9807852506637573
0.19509010016918182
-5.723017011405318e-07
-0.9795976281166077
0.20096875727176666
0.75
0.06249988079071045
8
0.0
-1.0
0.0
2.5780984458378953e-08
-1.0
-3.173044405002656e-08
0.734375
0.0
9
0.0
-0.19509032368659973
0.9807852506637573
-2.000271251745289e-06
-0.1939305067062378
0.9810152649879456
0.75
0.4375
10
0.19134171307086945
-0.19509032368659973
0.9619396924972534
0.1913866549730301
-0.19393007457256317
0.9621654152870178
0.71875
0.4375
i0
11
0.07465784251689911
0.9238795042037964
0.3753302991390228
0.07567255198955536
0.9217070937156677
0.3804338574409485
0.71875
0.875
i3
12
6.705522537231445e-08
0.9238795042037964
0.3826832175254822
-8.265030828624731e-07
0.9217069745063782
0.3878868520259857
0.7499999403953552
0.8750000596046448
13
5.960464477539063e-08
-0.3826834559440613
0.9238790273666382
-1.1851789167849347e-06
-0.38053733110427856
0.9247655272483826
0.75
0.3749999403953552
14
0.1802399456501007
-0.3826834559440613
0.906127393245697
0.18041203916072845
-0.38053756952285767
0.906996488571167
0.71875
0.375
i9
15
0.10838638246059418
0.8314695954322815
0.5448951125144958
0.10920675843954086
0.8286445736885071
0.5490191578865051
0.71875
0.8125
i11
16
0.0
0.8314695954322815
0.5555702447891235
-1.2776598623531754e-06
0.8286447525024414
0.5597749352455139
0.75
0.8125
17
0.0
-0.5555702447891235
0.8314695954322815
-1.1223254432479735e-06
-0.5527609586715698
0.8333399295806885
0.75
0.3125000596046448
18
0.16221167147159576
-0.5555702447891235
0.815493106842041
0.16257649660110474
-0.5527610182762146
0.8173273205757141
0.71875
0.3124999403953552
i13
19
0.13794969022274017
0.7071067690849304
0.6935198903083801
0.13854151964187622
0.7040590047836304
0.6964963674545288
0.71875
0.75
i15
20
8.940696716308594e-08
0.7071067690849304
0.7071065902709961
-5.890204874958727e-07
0.7040589451789856
0.7101415395736694
0.75
0.7500000596046448
21
8.940696716308594e-08
-0.7071067690849304
0.7071065902709961
-8.745335549065203e-07
-0.704059362411499
0.7101410627365112
0.75
0.25
22
0.13794969022274017
-0.7071067690849304
0.6935198903083801
0.13854144513607025
-0.7040591835975647
0.6964961886405945
0.71875
0.25
i17
23
0.16221167147159576
0.5555702447891235
0.815493106842041
0.16257645189762115
0.5527611374855042
0.8173273205757141
0.71875
0.6875
i19
24
0.0
0.5555702447891235
0.8314695954322815
-1.1235269994358532e-06
0.552760899066925
0.8333399295806885
0.75
0.6875
25
2.1606683731079102e-07
-0.8314695954322815
0.5555695295333862
-1.409077185599017e-06
-0.8286449909210205
0.5597745776176453
0.7499999403953552
0.18749982118606567
26
0.10838638246059418
-0.8314695954322815
0.5448951125144958
0.10920538008213043
-0.8286447525024414
0.5490192174911499
0.71875
0.1875
i21
27
0.1802399456501007
0.3826834559440613
0.906127393245697
0.18041199445724487
0.3805375397205353
0.9069965481758118
0.71875
0.625
i23
28
5.960464477539063e-08
0.3826834559440613
0.9238790273666382
-1.17916295039322e-06
0.38053733110427856
0.9247656464576721
0.75
0.6250001192092896
29
6.705522537231445e-08
-0.9238795042037964
0.3826832175254822
-5.444283033284592e-07
-0.9217067360877991
0.3878873586654663
0.7499999403953552
0.125
30
0.07465784251689911
-0.9238795042037964
0.3753302991390228
0.07567231357097626
-0.9217069149017334
0.38043415546417236
0.71875
0.12500005960464478
i25
31
0.19134171307086945
0.19509032368659973
0.9619396924972534
0.19138669967651367
0.1939300298690796
0.9621654152870178
0.71875
0.5625
i27
i2
i7
i6
i29
32
0.37533026933670044
0.19509032368659973
0.906127393245697
0.3754183053970337
0.19392988085746765
0.9063400030136108
0.6875
0.5625
33
0.3535533547401428
0.3826834559440613
0.8535533547401428
0.3538925051689148
0.3805374205112457
0.854371964931488
0.6875
0.625
i31
i6
34
0.07465782761573792
-0.9807852506637573
0.1802399456501007
0.07690750062465668
-0.9795976281166077
0.18567101657390594
0.6875
0.062499940395355225
i30
i1
35
0.3826834261417389
0.0
0.9238794445991516
0.382683664560318
3.9752201530518505e-08
0.9238795042037964
0.6875
0.5
i31
36
0.07465782761573792
0.9807852506637573
0.1802399456501007
0.07690750062465668
0.9795975685119629
0.18567101657390594
0.6875
0.9375000596046448
37
0.0
1.0
0.0
2.888667971490122e-08
1.0
-3.4125196890499865e-08
0.703125
1.0
i3
i34
i6
38
0.0
-1.0
0.0
2.5780984458378953e-08
-1.0
-3.173044405002656e-08
0.703125
0.0
i10
39
0.37533026933670044
-0.19509032368659973
0.906127393245697
0.3754183351993561
-0.193929985165596
0.9063399434089661
0.6875
0.4375
i1
i11
40
0.1464466154575348
0.9238795042037964
0.3535534143447876
0.148437961935997
0.9217068552970886
0.3583608567714691
0.6875
0.875
i3
i14
41
0.3535533547401428
-0.3826834559440613
0.8535533547401428
0.3538925349712372
-0.38053739070892334
0.854371964931488
0.6875
0.375
i10
i15
42
0.21260753273963928
0.8314695954322815
0.513279914855957
0.21421679854393005
0.8286446332931519
0.5171645879745483
0.6875
0.8125
i11
i18
43
0.3181896209716797
-0.5555702447891235
0.7681776285171509
0.31890547275543213
-0.5527613162994385
0.7699053287506104
0.6875
0.3124999403953552
i14
i19
44
0.27059805393218994
0.7071067690849304
0.6532814502716064
0.2717594504356384
0.704058825969696
0.656085193157196
0.6875
0.75
i15
i22
45
0.27059805393218994
-0.7071067690849304
0.6532814502716064
0.2717594504356384
-0.7040590047836304
0.6560851335525513
0.6875
0.25
i18
i23
46
0.3181896209716797
0.5555702447891235
0.7681776285171509
0.31890547275543213
0.552761435508728
0.7699052691459656
0.6875
0.6875
i19
47
0.21260753273963928
-0.8314695954322815
0.513279914855957
0.21421684324741364
-0.8286446332931519
0.5171646475791931
0.6875
0.1875
i45
i26
i27
i33
i23
48
0.1464466154575348
-0.9238795042037964
0.3535534143447876
0.148437961935997
-0.9217069745063782
0.3583608567714691
0.6875
0.12500005960464478
i47
i30
49
0.4619396924972534
-0.5555702447891235
0.6913415789604187
0.462978720664978
-0.5527613162994385
0.6928964853286743
0.65625
0.3124999403953552
50
0.513279914855957
-0.3826834559440613
0.7681776881217957
0.5137723088264465
-0.3805375397205353
0.7689144015312195
0.65625
0.375
i43
i44
51
0.39284747838974
0.7071067690849304
0.5879377722740173
0.3945334851741791
0.7040589451789856
0.5904611945152283
0.65625
0.75
i42
52
0.39284747838974
-0.7071067690849304
0.5879377722740173
0.3945334255695343
-0.7040590047836304
0.5904611349105835
0.65625
0.25
i49
i45
i46
53
0.4619396924972534
0.5555702447891235
0.6913415789604187
0.4629787504673004
0.5527613759040833
0.6928965449333191
0.65625
0.6875
i44
54
0.30865827202796936
-0.8314695954322815
0.4619396924972534
0.3109944760799408
-0.8286445736885071
0.46543583273887634
0.65625
0.1875
i52
i47
i33
55
0.513279914855957
0.3826834559440613
0.7681776881217957
0.5137723088264465
0.38053756952285767
0.7689144015312195
0.65625
0.625
i46
i48
56
0.21260753273963928
-0.9238795042037964
0.3181896507740021
0.21549855172634125
-0.9217068552970886
0.32251620292663574
0.65625
0.12500005960464478
i47
i32
57
0.5448951125144958
0.19509032368659973
0.815493106842041
0.5450230240821838
0.19392989575862885
0.8156843185424805
0.65625
0.5625
i33
i34
58
0.10838636755943298
-0.9807852506637573
0.16221165657043457
0.11165236681699753
-0.9795976281166077
0.1670995056629181
0.65625
0.062499940395355225
i48
i35
59
0.5555702447891235
0.0
0.8314694762229919
0.5555704236030579
-1.2046120767550406e-09
0.8314695358276367
0.65625
0.5
i32
60
0.10838636755943298
0.9807852506637573
0.16221165657043457
0.11165238916873932
0.9795976281166077
0.1670994907617569
0.65625
0.9375000596046448
61
0.0
1.0
0.0
2.888667971490122e-08
1.0
-3.4125196890499865e-08
0.671875
1.0
i36
i58
i34
62
0.0
-1.0
0.0
2.5780984458378953e-08
-1.0
-3.173044405002656e-08
0.671875
0.0
63
0.5448951125144958
-0.19509032368659973
0.815493106842041
0.5450230240821838
-0.19392991065979004
0.8156843781471252
0.65625
0.4375
i59
i39
i40
64
0.21260753273963928
0.9238795042037964
0.3181896507740021
0.21549853682518005
0.9217068552970886
0.32251614332199097
0.65625
0.875
i36
i41
i50
i39
i42
65
0.30865827202796936
0.8314695954322815
0.4619396924972534
0.310994416475296
0.8286445736885071
0.46543586254119873
0.65625
0.8125
i40
i58
66
0.13794967532157898
-0.9807852506637573
0.13794966042041779
0.14210648834705353
-0.9795975685119629
0.14210642874240875
0.625
0.062499940395355225
i56
67
0.7071067690849304
0.0
0.7071065902709961
0.7071070075035095
3.613836341287424e-09
0.7071065902709961
0.625
0.5
68
0.6935198903083801
0.19509032368659973
0.6935198307037354
0.693682849407196
0.19392988085746765
0.6936825513839722
0.625
0.5625
i59
69
0.13794967532157898
0.9807852506637573
0.13794966042041779
0.14210647344589233
0.9795976281166077
0.14210642874240875
0.625
0.9375000596046448
70
0.0
1.0
0.0
2.888667971490122e-08
1.0
-3.4125196890499865e-08
0.640625
1.0
i60
i66
i58
71
0.0
-1.0
0.0
2.5780984458378953e-08
-1.0
-3.173044405002656e-08
0.640625
0.0
i63
72
0.6935198903083801
-0.19509032368659973
0.6935198307037354
0.6936827898025513
-0.19392988085746765
0.6936824321746826
0.625
0.4375
i59
i64
73
0.27059805393218994
0.9238795042037964
0.27059802412986755
0.27427753806114197
0.9217069745063782
0.2742774486541748
0.625
0.875
i60
i50
74
0.6532813906669617
-0.3826834559440613
0.6532814502716064
0.6539080142974854
-0.3805374205112457
0.6539079546928406
0.625
0.375
i63
i65
75
0.3928474485874176
0.8314695954322815
0.3928473889827728
0.3958207368850708
0.8286446332931519
0.39582061767578125
0.625
0.8125
i64
76
0.5879377126693726
-0.5555702447891235
0.5879376530647278
0.5892602205276489
-0.5527613162994385
0.5892601013183594
0.625
0.3124999403953552
i74
i49
i51
77
0.5
0.7071067690849304
0.5
0.5021458864212036
0.704058825969696
0.5021458864212036
0.625
0.75
i65
i52
78
0.5
-0.7071067690849304
0.5
0.5021458864212036
-0.7040588855743408
0.5021458864212036
0.625
0.25
i49
i53
79
0.5879377126693726
0.5555702447891235
0.5879376530647278
0.5892601609230042
0.5527613162994385
0.5892601013183594
0.625
0.6875000596046448
i51
i54
80
0.3928474485874176
-0.8314695954322815
0.3928473889827728
0.3958207368850708
-0.8286446332931519
0.39582064747810364
0.625
0.1875
i52
i55
81
0.6532813906669617
0.3826834559440613
0.6532814502716064
0.6539080142974854
0.3805374503135681
0.6539080142974854
0.625
0.625
i53
i56
82
0.27059805393218994
-0.9238795042037964
0.27059802412986755
0.27427753806114197
-0.9217069745063782
0.2742774784564972
0.625
0.125
i54
i68
i81
i57
i77
83
0.5879377722740173
0.7071067690849304
0.39284747838974
0.5904610753059387
0.7040589451789856
0.3945334851741791
0.59375
0.75
i75
i78
84
0.5879377722740173
-0.7071067690849304
0.39284747838974
0.5904611349105835
-0.7040589451789856
0.3945334553718567
0.59375
0.25
i76
85
0.6913416385650635
0.5555702447891235
0.46193963289260864
0.6928966045379639
0.5527613162994385
0.46297869086265564
0.59375
0.6875
i83
i79
i80
86
0.4619397222995758
-0.8314695954322815
0.3086582124233246
0.4654359519481659
-0.8286446332931519
0.31099432706832886
0.59375
0.1875
i78
i81
87
0.7681776285171509
0.3826834559440613
0.5132799744606018
0.7689144015312195
0.38053739070892334
0.5137723088264465
0.59375
0.625
i79
88
0.3181896507740021
-0.9238795042037964
0.2126075029373169
0.32251623272895813
-0.9217068552970886
0.21549838781356812
0.59375
0.125
i86
i82
89
0.815493106842041
0.19509032368659973
0.5448949933052063
0.8156845569610596
0.1939297616481781
0.5450227856636047
0.59375
0.5625
i87
i68
i66
90
0.16221165657043457
-0.9807852506637573
0.10838635265827179
0.16709956526756287
-0.9795976281166077
0.11165229976177216
0.59375
0.062499940395355225
i82
91
0.8314695358276367
0.0
0.5555700063705444
0.8314698338508606
-4.818448307020162e-09
0.5555699467658997
0.59375
0.5
i89
i67
92
0.16221165657043457
0.9807852506637573
0.10838635265827179
0.16709956526756287
0.9795975685119629
0.11165229231119156
0.59375
0.9375000596046448
93
0.0
1.0
0.0
2.888667971490122e-08
1.0
-3.4125196890499865e-08
0.609375
1.0
i69
i90
i66
94
0.0
-1.0
0.0
2.5780984458378953e-08
-1.0
-3.173044405002656e-08
0.609375
0.0
i72
95
0.815493106842041
-0.19509032368659973
0.5448949933052063
0.8156845569610596
-0.1939297616481781
0.5450227856636047
0.59375
0.4375
i67
i73
96
0.3181896507740021
0.9238795042037964
0.2126075029373169
0.32251623272895813
0.9217068552970886
0.21549838781356812
0.59375
0.875
i69
i74
97
0.7681776285171509
-0.3826834559440613
0.5132799744606018
0.7689144015312195
-0.38053739070892334
0.5137723088264465
0.59375
0.375
i72
i75
98
0.4619397222995758
0.8314695954322815
0.3086582124233246
0.4654359221458435
0.8286446332931519
0.31099432706832886
0.59375
0.8125
i73
99
0.6913416385650635
-0.5555702447891235
0.46193963289260864
0.6928966045379639
-0.5527613162994385
0.462978720664978
0.59375
0.3124999403953552
i97
i76
100
0.9238793849945068
0.0
0.3826832175254822
0.9238796234130859
0.0
0.3826831579208374
0.5625
0.5
101
0.9061273336410522
0.19509032368659973
0.3753301501274109
0.9063400626182556
0.19392965734004974
0.37541818618774414
0.5625
0.5625
i91
102
0.18023991584777832
0.9807852506637573
0.07465781271457672
0.1856711059808731
0.9795975685119629
0.07690739631652832
0.5625
0.9375000596046448
103
0.0
1.0
0.0
2.888667971490122e-08
1.0
-3.4125196890499865e-08
0.578125
1.0
i92
104
0.18023991584777832
-0.9807852506637573
0.07465781271457672
0.18567107617855072
-0.9795975685119629
0.07690739631652832
0.5625
0.062499940395355225
i90
105
0.0
-1.0
0.0
2.5780984458378953e-08
-1.0
-3.173044405002656e-08
0.578125
0.0
i95
106
0.9061273336410522
-0.19509032368659973
0.3753301501274109
0.9063400626182556
-0.19392968714237213
0.37541818618774414
0.5625
0.4375
i91
i96
107
0.3535533547401428
0.9238795042037964
0.1464465856552124
0.3583608567714691
0.9217069745063782
0.14843779802322388
0.5625
0.875
i92
i97
108
0.853553295135498
-0.3826834559440613
0.3535534143447876
0.8543720841407776
-0.38053733110427856
0.3538924753665924
0.5625
0.375
i95
i98
109
0.513279914855957
0.8314695954322815
0.2126074582338333
0.5171646475791931
0.8286446332931519
0.21421656012535095
0.5625
0.8125
i96
110
0.7681776285171509
-0.5555702447891235
0.31818950176239014
0.7699055075645447
-0.5527612566947937
0.3189050555229187
0.5625
0.3124999403953552
i108
i99
i83
111
0.6532814502716064
0.7071067690849304
0.27059805393218994
0.656085193157196
0.7040589451789856
0.27175939083099365
0.5625
0.75
i98
i84
112
0.6532814502716064
-0.7071067690849304
0.27059805393218994
0.656085193157196
-0.7040589451789856
0.27175939083099365
0.5625
0.25
i99
113
0.7681776285171509
0.5555702447891235
0.31818950176239014
0.7699055671691895
0.5527613162994385
0.3189050853252411
0.5625
0.6875
i111
i85
i86
114
0.513279914855957
-0.8314695954322815
0.2126074582338333
0.5171646475791931
-0.8286446332931519
0.21421660482883453
0.5625
0.1875
i84
i87
115
0.853553295135498
0.3826834559440613
0.3535534143447876
0.8543720841407776
0.38053733110427856
0.35389244556427
0.5625
0.625
i85
i88
116
0.3535533547401428
-0.9238795042037964
0.1464465856552124
0.3583609163761139
-0.9217069745063782
0.14843784272670746
0.5625
0.125
i86
i101
i115
i89
i104
i116
i90
i112
117
0.6935198903083801
-0.7071067690849304
0.13794970512390137
0.6964963674545288
-0.704058825969696
0.13854165375232697
0.53125
0.25
i110
118
0.8154929876327515
0.5555702447891235
0.1622115671634674
0.8173272609710693
0.5527613162994385
0.162576362490654
0.53125
0.6875000596046448
119
0.6935198903083801
0.7071067690849304
0.13794970512390137
0.6964963674545288
0.704058825969696
0.13854163885116577
0.53125
0.75
i113
120
0.5448950529098511
-0.8314695954322815
0.1083863154053688
0.5490190982818604
-0.8286446332931519
0.10920659452676773
0.53125
0.1875
i117
i114
i115
121
0.9061273336410522
0.3826834559440613
0.1802399903535843
0.906996488571167
0.38053739070892334
0.1804128885269165
0.53125
0.6250000596046448
i113
122
0.37533023953437805
-0.9238795042037964
0.07465781271457672
0.3804337680339813
-0.9217069745063782
0.07567299157381058
0.53125
0.125
i120
i116
123
0.9619396328926086
0.19509032368659973
0.1913416087627411
0.9621654748916626
0.19392968714237213
0.19138653576374054
0.53125
0.5625
i121
i101
i104
124
0.19134166836738586
-0.9807852506637573
0.03806021437048912
0.19710735976696014
-0.9795976281166077
0.03920704871416092
0.53125
0.062499940395355225
i116
125
0.980785071849823
0.0
0.1950901299715042
0.9807853698730469
0.0
0.19509005546569824
0.53125
0.5
i123
i100
126
0.19134166836738586
0.9807852506637573
0.03806021437048912
0.19710735976696014
0.9795975685119629
0.03920705243945122
0.53125
0.9375000596046448
127
0.0
1.0
0.0
2.888667971490122e-08
1.0
-3.4125196890499865e-08
0.546875
1.0
i102
i124
i104
128
0.0
-1.0
0.0
2.5780984458378953e-08
-1.0
-3.173044405002656e-08
0.546875
0.0
i106
129
0.9619396328926086
-0.19509032368659973
0.1913416087627411
0.9621654748916626
-0.19392968714237213
0.19138653576374054
0.53125
0.4375
i100
130
0.37533023953437805
0.9238795042037964
0.07465781271457672
0.3804337680339813
0.9217069745063782
0.07567297667264938
0.53125
0.875
i126
i107
i108
131
0.9061273336410522
-0.3826834559440613
0.1802399903535843
0.906996488571167
-0.3805373013019562
0.1804128885269165
0.53125
0.375
i106
i109
132
0.5448950529098511
0.8314695954322815
0.1083863154053688
0.5490190982818604
0.8286446332931519
0.10920654982328415
0.53125
0.8125
i107
133
0.8154929876327515
-0.5555702447891235
0.1622115671634674
0.8173272609710693
-0.5527613162994385
0.1625763475894928
0.53125
0.3124999403953552
i131
i110
i111
i119
i109
134
0.19509026408195496
-0.9807852506637573
-1.1175870895385742e-08
0.2009688913822174
-0.9795975685119629
-3.534936610094519e-08
0.5
0.062499940395355225
i124
135
0.0
-1.0
0.0
2.5780984458378953e-08
-1.0
-3.173044405002656e-08
0.515625
0.0
i129
136
0.9807851314544678
-0.19509032368659973
-8.940696716308594e-08
0.9810154438018799
-0.1939295530319214
-1.974981103103346e-07
0.5
0.4375
i125
137
0.3826833963394165
0.9238795042037964
-2.2351741790771484e-08
0.38788700103759766
0.9217069745063782
1.0757092105961874e-08
0.5
0.875
138
0.19509026408195496
0.9807852506637573
-1.1175870895385742e-08
0.2009689211845398
0.9795975685119629
-2.8488306824669962e-08
0.5
0.9375000596046448
i130
i131
139
0.9238794445991516
-0.3826834559440613
4.470348358154297e-08
0.9247655868530273
-0.38053733110427856
-1.564196416836694e-08
0.5
0.375
i129
i132
140
0.555570125579834
0.8314695954322815
-5.21540641784668e-08
0.5597749948501587
0.8286445736885071
-1.646468490434927e-07
0.4999999701976776
0.8125
i130
141
0.8314694166183472
-0.5555702447891235
-8.940696716308594e-08
0.8333396911621094
-0.552761435508728
-1.6822859549847635e-07
0.4999999701976776
0.3124999403953552
i139
i133
i119
142
0.7071067094802856
0.7071067690849304
1.4901161193847656e-08
0.7101415395736694
0.7040589451789856
-1.2476198207878042e-07
0.5
0.75
i132
i117
143
0.7071067094802856
-0.7071067690849304
1.4901161193847656e-08
0.7101415395736694
-0.7040589451789856
-1.2476198207878042e-07
0.5
0.25
i133
144
0.8314694166183472
0.5555702447891235
-8.940696716308594e-08
0.8333396315574646
0.552761435508728
-1.5621226623352413e-07
0.4999999701976776
0.6875000596046448
i142
i118
145
0.555570125579834
-0.8314695954322815
-5.21540641784668e-08
0.5597750544548035
-0.8286445736885071
-1.5386994789423625e-07
0.4999999701976776
0.1875
i143
i120
i121
146
0.9238794445991516
0.3826834559440613
4.470348358154297e-08
0.9247655868530273
0.38053739070892334
-1.4438736428701304e-08
0.5
0.625
i118
i122
147
0.3826833963394165
-0.9238795042037964
-2.2351741790771484e-08
0.3878869414329529
-0.9217068552970886
-2.524928177649599e-08
0.5
0.125
i120
148
0.9807851314544678
0.19509032368659973
-8.940696716308594e-08
0.9810153841972351
0.1939295083284378
-1.9508958359892858e-07
0.5
0.5625
i146
i123
i124
i134
i122
149
0.9999997019767761
0.0
-1.6391277313232422e-07
1.0
2.409223931465476e-09
-4.240234261487785e-07
0.4999999701976776
0.5
i148
i125
i138
150
0.0
1.0
0.0
2.888667971490122e-08
1.0
-3.4125196890499865e-08
0.515625
1.0
i126
151
0.5448949933052063
-0.8314695954322815
-0.10838640481233597
0.5490191578865051
-0.8286445736885071
-0.10920682549476624
0.46875
0.1875
152
0.6935198307037354
-0.7071067690849304
-0.13794966042041779
0.6964963674545288
-0.7040589451789856
-0.1385418027639389
0.46875
0.25
i145
i146
153
0.9061273336410522
0.3826834559440613
-0.18023990094661713
0.906996488571167
0.38053733110427856
-0.18041284382343292
0.46875
0.6250000596046448
i144
i147
154
0.37533023953437805
-0.9238795042037964
-0.0746578499674797
0.3804337680339813
-0.9217068552970886
-0.07567299157381058
0.46875
0.125
i145
155
0.9619395732879639
0.19509032368659973
-0.19134177267551422
0.9621654748916626
0.19392943382263184
-0.1913868635892868
0.46875
0.5625
i153
i148
i134
156
0.19134165346622467
-0.9807852506637573
-0.03806023299694061
0.19710734486579895
-0.9795976281166077
-0.03920712321996689
0.46875
0.062499940395355225
i147
157
0.9807848930358887
0.0
-0.1950904279947281
0.9807851910591125
4.8184474188417425e-09
-0.19509072601795197
0.4687499701976776
0.5
i155
i149
158
0.19134165346622467
0.9807852506637573
-0.03806023299694061
0.19710734486579895
0.9795976281166077
-0.039207130670547485
0.46875
0.9375000596046448
159
0.0
1.0
0.0
2.888667971490122e-08
1.0
-3.4125196890499865e-08
0.484375
1.0
i138
i156
i134
160
0.0
-1.0
0.0
2.5780984458378953e-08
-1.0
-3.173044405002656e-08
0.484375
0.0
i136
161
0.9619395732879639
-0.19509032368659973
-0.19134177267551422
0.9621655344963074
-0.19392944872379303
-0.191386878490448
0.46875
0.4375
i149
i137
162
0.37533023953437805
0.9238795042037964
-0.0746578499674797
0.38043373823165894
0.9217068552970886
-0.07567298412322998
0.46875
0.875
i138
i139
163
0.9061273336410522
-0.3826834559440613
-0.18023990094661713
0.906996488571167
-0.38053739070892334
-0.18041285872459412
0.46875
0.375
i136
i140
164
0.5448949933052063
0.8314695954322815
-0.10838640481233597
0.5490191578865051
0.8286445736885071
-0.10920683294534683
0.46875
0.8125
i137
165
0.8154929280281067
-0.5555702447891235
-0.16221173107624054
0.8173272013664246
-0.5527613162994385
-0.16257666051387787
0.46875
0.3124999403953552
i163
i141
i142
166
0.6935198307037354
0.7071067690849304
-0.13794966042041779
0.6964963674545288
0.7040590047836304
-0.1385418027639389
0.46875
0.75
i140
i143
i152
i141
167
0.8154929280281067
0.5555702447891235
-0.16221173107624054
0.8173271417617798
0.552761435508728
-0.16257667541503906
0.46875
0.6875000596046448
i166
i144
i162
168
0.3535533547401428
0.9238795042037964
-0.1464466154575348
0.3583608567714691
0.9217069745063782
-0.1484380066394806
0.4375
0.875
i158
i163
169
0.853553295135498
-0.3826834559440613
-0.35355329513549805
0.8543720245361328
-0.38053733110427856
-0.35389259457588196
0.4375
0.375
i161
170
0.5132797956466675
0.8314695954322815
-0.21260753273963928
0.5171646475791931
0.8286445736885071
-0.21421687304973602
0.4374999701976776
0.8125000596046448
i168
i164
171
0.7681775093078613
-0.5555702447891235
-0.3181896507740021
0.7699053287506104
-0.5527613162994385
-0.31890541315078735
0.4374999701976776
0.3124999403953552
i169
i165
i166
172
0.6532813906669617
0.7071067690849304
-0.27059799432754517
0.656085193157196
0.7040589451789856
-0.27175942063331604
0.4375
0.75
i164
i152
173
0.6532813906669617
-0.7071067690849304
-0.27059799432754517
0.656085193157196
-0.7040590047836304
-0.27175939083099365
0.4375
0.25
i165
174
0.7681775093078613
0.5555702447891235
-0.3181896507740021
0.7699053287506104
0.5527613162994385
-0.31890544295310974
0.4374999701976776
0.6875000596046448
i172
i167
175
0.5132797956466675
-0.8314695954322815
-0.21260753273963928
0.5171646475791931
-0.8286445736885071
-0.21421687304973602
0.4374999701976776
0.1875
i173
i151
i153
176
0.853553295135498
0.3826834559440613
-0.35355329513549805
0.8543720245361328
0.38053733110427856
-0.35389259457588196
0.4375
0.6250000596046448
i167
i154
177
0.3535533547401428
-0.9238795042037964
-0.1464466154575348
0.3583608865737915
-0.9217068552970886
-0.1484380066394806
0.4375
0.125
i151
178
0.9061272144317627
0.19509032368659973
-0.3753302991390228
0.9063400030136108
0.19392935931682587
-0.3754185736179352
0.4375
0.5625
i176
i155
179
0.18023988604545593
-0.9807852506637573
-0.07465782016515732
0.18567103147506714
-0.9795975685119629
-0.07690753787755966
0.4375
0.062499940395355225
i177
i156
180
0.923879086971283
0.0
-0.3826834559440613
0.9238793849945068
2.409223931465476e-09
-0.38268375396728516
0.4374999701976776
0.5
i178
i157
181
0.18023988604545593
0.9807852506637573
-0.07465782016515732
0.18567101657390594
0.9795976281166077
-0.07690753042697906
0.4375
0.9375000596046448
182
0.0
1.0
0.0
2.888667971490122e-08
1.0
-3.4125196890499865e-08
0.453125
1.0
i158
i179
i156
183
0.0
-1.0
0.0
2.5780984458378953e-08
-1.0
-3.173044405002656e-08
0.453125
0.0
i161
184
0.9061272144317627
-0.19509032368659973
-0.3753302991390228
0.9063400030136108
-0.19392935931682587
-0.37541860342025757
0.4375
0.4375
i157
i176
185
0.7681776285171509
0.3826834559440613
-0.5132798552513123
0.7689144015312195
0.3805373013019562
-0.5137722492218018
0.40625
0.6250000596046448
i174
i177
186
0.3181895911693573
-0.9238795042037964
-0.2126075178384781
0.3225162625312805
-0.9217069745063782
-0.2154986411333084
0.40625
0.125
i175
187
0.8154929280281067
0.19509032368659973
-0.5448950529098511
0.8156843781471252
0.19392938911914825
-0.5450230836868286
0.40625
0.5625
i185
i178
i179
188
0.1622115969657898
-0.9807852506637573
-0.1083863377571106
0.1670994609594345
-0.9795975685119629
-0.11165239661931992
0.40625
0.062499940395355225
i177
189
0.8314691185951233
0.0
-0.5555701851844788
0.8314694166183472
2.409224153510081e-09
-0.5555706024169922
0.4062499701976776
0.5
i187
i180
190
0.1622115969657898
0.9807852506637573
-0.1083863377571106
0.1670994907617569
0.9795976281166077
-0.1116524189710617
0.40625
0.9375000596046448
191
0.0
1.0
0.0
2.888667971490122e-08
1.0
-3.4125196890499865e-08
0.421875
1.0
i181
i188
i179
192
0.0
-1.0
0.0
2.5780984458378953e-08
-1.0
-3.173044405002656e-08
0.421875
0.0
i184
193
0.8154929280281067
-0.19509032368659973
-0.5448950529098511
0.8156843781471252
-0.19392937421798706
-0.5450230836868286
0.40625
0.4375
i180
i168
194
0.3181895911693573
0.9238795042037964
-0.2126075178384781
0.32251620292663574
0.9217068552970886
-0.21549861133098602
0.40625
0.875
i181
i169
195
0.7681776285171509
-0.3826834559440613
-0.5132798552513123
0.7689144015312195
-0.38053733110427856
-0.5137723088264465
0.40625
0.375
i184
196
0.46193957328796387
0.8314695954322815
-0.308658242225647
0.46543580293655396
0.8286446332931519
-0.3109944760799408
0.40625
0.8125000596046448
i194
i170
197
0.6913414597511292
-0.5555702447891235
-0.4619396924972534
0.6928964853286743
-0.5527613162994385
-0.46297886967658997
0.40625
0.3124999403953552
i195
i171
i172
198
0.5879377126693726
0.7071067690849304
-0.3928474187850952
0.5904611349105835
0.7040590047836304
-0.3945334851741791
0.40625
0.75
i170
i173
199
0.5879377126693726
-0.7071067690849304
-0.3928474187850952
0.5904610753059387
-0.7040589451789856
-0.3945334553718567
0.40625
0.25
i171
200
0.6913414597511292
0.5555702447891235
-0.4619396924972534
0.6928964853286743
0.5527613162994385
-0.46297892928123474
0.40625
0.6875000596046448
i198
i174
201
0.46193957328796387
-0.8314695954322815
-0.308658242225647
0.46543583273887634
-0.8286445736885071
-0.3109945058822632
0.40625
0.1875
i199
i175
i195
202
0.6532813906669617
-0.3826834559440613
-0.6532813310623169
0.6539080142974854
-0.3805374205112457
-0.6539080142974854
0.375
0.375
i193
i196
203
0.3928472697734833
0.8314695954322815
-0.3928474187850952
0.39582058787345886
0.8286446332931519
-0.3958207666873932
0.3749999701976776
0.8125000596046448
i194
204
0.5879375338554382
-0.5555702447891235
-0.5879376530647278
0.5892599821090698
-0.5527613162994385
-0.5892602801322937
0.375
0.3124999403953552
i202
i197
i198
205
0.4999999403953552
0.7071067690849304
-0.4999999403953552
0.5021458268165588
0.704058825969696
-0.5021459460258484
0.375
0.75
i196
i199
206
0.4999999403953552
-0.7071067690849304
-0.4999999403953552
0.5021458864212036
-0.704058825969696
-0.5021458864212036
0.375
0.25
i197
207
0.5879375338554382
0.5555702447891235
-0.5879376530647278
0.5892599821090698
0.5527613162994385
-0.5892602205276489
0.375
0.6875000596046448
i205
i200
i201
208
0.3928472697734833
-0.8314695954322815
-0.3928474187850952
0.39582064747810364
-0.8286446332931519
-0.3958207964897156
0.3749999701976776
0.1875
i199
i185
209
0.6532813906669617
0.3826834559440613
-0.6532813310623169
0.6539080142974854
0.3805374205112457
-0.6539080142974854
0.375
0.6250000596046448
i200
210
0.2705979645252228
-0.9238795042037964
-0.27059802412986755
0.2742774784564972
-0.9217068552970886
-0.27427756786346436
0.375
0.125
i208
i186
211
0.6935197114944458
0.19509032368659973
-0.6935198307037354
0.6936824917793274
0.1939292550086975
-0.6936829090118408
0.375
0.5625
i209
i187
212
0.1379496157169342
-0.9807852506637573
-0.1379496306180954
0.14210641384124756
-0.9795975685119629
-0.14210650324821472
0.375
0.062499940395355225
i210
i188
213
0.7071062326431274
0.0
-0.7071066498756409
0.7071064114570618
1.2046118547104356e-09
-0.7071071863174438
0.3749999403953552
0.5
i211
i189
214
0.1379496157169342
0.9807852506637573
-0.1379496306180954
0.14210644364356995
0.9795975685119629
-0.14210650324821472
0.375
0.9375000596046448
215
0.0
1.0
0.0
2.888667971490122e-08
1.0
-3.4125196890499865e-08
0.390625
1.0
i190
i212
i188
216
0.0
-1.0
0.0
2.5780984458378953e-08
-1.0
-3.173044405002656e-08
0.390625
0.0
i193
217
0.6935197114944458
-0.19509032368659973
-0.6935198307037354
0.6936826109886169
-0.1939292550086975
-0.6936827898025513
0.375
0.4375
i189
i194
218
0.2705979645252228
0.9238795042037964
-0.27059802412986755
0.2742774486541748
0.9217068552970886
-0.27427759766578674
0.375
0.875
i190
i210
219
0.21260744333267212
-0.9238795042037964
-0.3181896209716797
0.2154984474182129
-0.9217069745063782
-0.3225163519382477
0.34375
0.125
i208
220
0.5448948740959167
0.19509032368659973
-0.8154929876327515
0.54502272605896
0.19392919540405273
-0.8156847357749939
0.34375
0.5625
221
0.513279914855957
0.3826834559440613
-0.7681775689125061
0.5137722492218018
0.38053739070892334
-0.7689145803451538
0.34375
0.6250000596046448
i211
i212
222
0.1083863154053688
-0.9807852506637573
-0.1622115969657898
0.11165229976177216
-0.9795976281166077
-0.16709958016872406
0.34375
0.062499940395355225
i210
223
0.5555697083473206
0.0
-0.8314693570137024
0.5555698871612549
-2.409224153510081e-09
-0.8314698934555054
0.3437499403953552
0.5
i220
i213
224
0.1083863154053688
0.9807852506637573
-0.1622115969657898
0.11165229976177216
0.9795976281166077
-0.16709958016872406
0.34375
0.9375000596046448
225
0.0
1.0
0.0
2.888667971490122e-08
1.0
-3.4125196890499865e-08
0.359375
1.0
i214
i222
i212
226
0.0
-1.0
0.0
2.5780984458378953e-08
-1.0
-3.173044405002656e-08
0.359375
0.0
i217
227
0.5448948740959167
-0.19509032368659973
-0.8154929876327515
0.5450227856636047
-0.19392922520637512
-0.8156847357749939
0.34375
0.4375
i213
228
0.21260744333267212
0.9238795042037964
-0.3181896209716797
0.2154984474182129
0.9217069745063782
-0.32251641154289246
0.34375
0.875
i224
i218
i202
229
0.513279914855957
-0.3826834559440613
-0.7681775689125061
0.5137722492218018
-0.38053733110427856
-0.7689145803451538
0.34375
0.375
i217
230
0.30865809321403503
0.8314695954322815
-0.46193966269493103
0.31099414825439453
0.8286445736885071
-0.4654359519481659
0.34375
0.8125000596046448
i228
i203
231
0.4619395434856415
-0.5555702447891235
-0.6913415193557739
0.4629786014556885
-0.5527612566947937
-0.6928966641426086
0.34375
0.3124999403953552
i229
i204
i205
232
0.3928474187850952
0.7071067690849304
-0.5879377126693726
0.3945334553718567
0.704058825969696
-0.5904611349105835
0.34375
0.75
i203
i206
233
0.3928474187850952
-0.7071067690849304
-0.5879377126693726
0.3945334553718567
-0.704058825969696
-0.5904610753059387
0.34375
0.25
i204
234
0.4619395434856415
0.5555702447891235
-0.6913415193557739
0.4629786014556885
0.5527613162994385
-0.6928967237472534
0.34375
0.6875000596046448
i232
i207
235
0.30865809321403503
-0.8314695954322815
-0.46193966269493103
0.3109941780567169
-0.8286445736885071
-0.4654359519481659
0.34375
0.1875
i233
i208
i209
i221
i207
i230
236
0.21260735392570496
0.8314695954322815
-0.5132797956466675
0.21421639621257782
0.8286446332931519
-0.5171647667884827
0.3125
0.8125000596046448
i228
237
0.31818944215774536
-0.5555702447891235
-0.7681775093078613
0.31890514492988586
-0.5527612566947937
-0.7699055671691895
0.3125
0.3124999403953552
238
0.3535533547401428
-0.3826834559440613
-0.8535531759262085
0.35389241576194763
-0.3805372416973114
-0.8543720245361328
0.3125
0.375
i231
i232
239
0.27059799432754517
0.7071067690849304
-0.6532813906669617
0.27175942063331604
0.7040588855743408
-0.656085193157196
0.3125
0.75
i230
i233
240
0.27059799432754517
-0.7071067690849304
-0.6532813906669617
0.27175939083099365
-0.704058825969696
-0.656085193157196
0.3125
0.25
i231
241
0.31818944215774536
0.5555702447891235
-0.7681775093078613
0.3189051151275635
0.5527612566947937
-0.7699055075645447
0.3125
0.6875000596046448
i239
i234
242
0.21260735392570496
-0.8314695954322815
-0.5132797956466675
0.214216411113739
-0.8286446332931519
-0.5171647071838379
0.3125
0.1875
i240
i235
i221
243
0.3535533547401428
0.3826834559440613
-0.8535531759262085
0.35389238595962524
0.3805372416973114
-0.8543720245361328
0.3125
0.6250000596046448
i234
i219
244
0.14644652605056763
-0.9238795042037964
-0.35355332493782043
0.14843781292438507
-0.9217069745063782
-0.35836103558540344
0.3125
0.125
i235
245
0.37533003091812134
0.19509032368659973
-0.9061272144317627
0.3754180371761322
0.19392916560173035
-0.9063402414321899
0.3125
0.5625
i243
i220
i222
246
0.07465778291225433
-0.9807852506637573
-0.18023985624313354
0.07690738886594772
-0.9795976281166077
-0.18567109107971191
0.3125
0.062499940395355225
i219
247
0.3826829493045807
0.0
-0.9238791465759277
0.3826829791069031
-1.204611965732738e-09
-0.9238796830177307
0.3124999701976776
0.5
i245
i223
248
0.07465778291225433
0.9807852506637573
-0.18023985624313354
0.07690738886594772
0.9795976281166077
-0.18567107617855072
0.3125
0.9375000596046448
249
0.0
1.0
0.0
2.888667971490122e-08
1.0
-3.4125196890499865e-08
0.328125
1.0
i224
i246
i222
250
0.0
-1.0
0.0
2.5780984458378953e-08
-1.0
-3.173044405002656e-08
0.328125
0.0
i227
251
0.37533003091812134
-0.19509032368659973
-0.9061272144317627
0.375418096780777
-0.19392918050289154
-0.9063402414321899
0.3125
0.4375
i223
i228
252
0.14644652605056763
0.9238795042037964
-0.35355332493782043
0.14843779802322388
0.9217069745063782
-0.35836097598075867
0.3125
0.875
i224
i229
i238
i227
253
0.19134151935577393
0.19509032368659973
-0.9619394540786743
0.1913864016532898
0.19392918050289154
-0.9621655941009521
0.28125
0.5625
254
0.1802399456501007
0.3826834559440613
-0.9061272144317627
0.18041272461414337
0.380537211894989
-0.9069965481758118
0.28125
0.6250000596046448
i245
i246
255
0.038060203194618225
-0.9807852506637573
-0.1913415938615799
0.039207033812999725
-0.9795975685119629
-0.19710735976696014
0.28125
0.062499940395355225
i244
256
0.1950899064540863
0.0
-0.9807847738265991
0.19508986175060272
0.0
-0.9807854294776917
0.2812499403953552
0.5
i253
i247
257
0.038060203194618225
0.9807852506637573
-0.1913415938615799
0.039207033812999725
0.9795975685119629
-0.19710735976696014
0.28125
0.9375000596046448
258
0.0
1.0
0.0
2.888667971490122e-08
1.0
-3.4125196890499865e-08
0.296875
1.0
i248
i255
i246
259
0.0
-1.0
0.0
2.5780984458378953e-08
-1.0
-3.173044405002656e-08
0.296875
0.0
i251
260
0.19134151935577393
-0.19509032368659973
-0.9619394540786743
0.1913864016532898
-0.19392919540405273
-0.9621655941009521
0.28125
0.4375
i247
i252
261
0.07465776056051254
0.9238795042037964
-0.3753301799297333
0.07567296177148819
0.9217069149017334
-0.38043397665023804
0.28125
0.875
i248
i238
262
0.1802399456501007
-0.3826834559440613
-0.9061272144317627
0.18041270971298218
-0.380537211894989
-0.9069965481758118
0.28125
0.375
i251
i236
263
0.10838623344898224
0.8314695954322815
-0.5448948740959167
0.1092064306139946
0.8286446332931519
-0.5490189790725708
0.2812499701976776
0.8125000596046448
i252
264
0.16221152245998383
-0.5555702447891235
-0.8154928684234619
0.1625763475894928
-0.5527611970901489
-0.8173273205757141
0.28125
0.3124999403953552
i262
i237
i239
265
0.13794966042041779
0.7071067690849304
-0.6935198307037354
0.13854163885116577
0.7040589451789856
-0.6964964270591736
0.28125
0.75
i236
i240
266
0.13794966042041779
-0.7071067690849304
-0.6935198307037354
0.13854163885116577
-0.704058825969696
-0.6964963674545288
0.28125
0.25
i237
267
0.16221152245998383
0.5555702447891235
-0.8154928684234619
0.1625763475894928
0.5527611970901489
-0.8173273205757141
0.28125
0.6875000596046448
i265
i241
268
0.10838623344898224
-0.8314695954322815
-0.5448948740959167
0.10920644551515579
-0.8286446332931519
-0.5490190982818604
0.2812499701976776
0.1875
i266
i242
i243
i254
i241
i244
269
0.07465776056051254
-0.9238795042037964
-0.3753301799297333
0.075672946870327
-0.9217068552970886
-0.3804338872432709
0.28125
0.125
i242
270
-1.043081283569336e-07
-0.5555702447891235
-0.8314692974090576
-1.7904328331042052e-07
-0.5527612566947937
-0.8333397507667542
0.25
0.3124999403953552
271
2.9802322387695312e-08
-0.3826834559440613
-0.9238792657852173
-1.022743845169316e-07
-0.3805372714996338
-0.9247655868530273
0.25
0.375
i264
i265
272
-1.4901161193847656e-08
0.7071067690849304
-0.7071066498756409
-1.2956053296875325e-07
0.7040590047836304
-0.7101414799690247
0.25
0.75
i263
i266
273
-1.4901161193847656e-08
-0.7071067690849304
-0.7071066498756409
-1.2236272084464872e-07
-0.7040590047836304
-0.7101414799690247
0.25
0.25
i264
274
-1.043081283569336e-07
0.5555702447891235
-0.8314692974090576
-1.7183347722493636e-07
0.5527611970901489
-0.8333397507667542
0.25
0.6875000596046448
i272
i267
275
-9.685754776000977e-08
-0.8314695954322815
-0.5555699467658997
-1.4937960202132672e-07
-0.8286446332931519
-0.5597749948501587
0.2499999701976776
0.1875
i273
i268
i254
276
2.9802322387695312e-08
0.3826834559440613
-0.9238792657852173
-9.625824759496027e-08
0.380537211894989
-0.9247655868530273
0.25
0.6250000596046448
i267
i269
277
-5.21540641784668e-08
-0.9238795042037964
-0.38268333673477173
-2.37552448822953e-08
-0.9217069745063782
-0.3878870904445648
0.2499999701976776
0.125
i268
278
-1.341104507446289e-07
0.19509032368659973
-0.9807849526405334
-2.1556195406446932e-07
0.19392910599708557
-0.9810155034065247
0.2499999701976776
0.5625
i276
i253
279
-7.450580596923828e-09
-0.9807852506637573
-0.195090189576149
-3.848158769415022e-08
-0.9795976281166077
-0.2009688913822174
0.25
0.062499940395355225
i277
i255
280
-3.2782554626464844e-07
0.0
-0.9999993443489075
-6.155565301924071e-07
-1.2046116326658307e-09
-0.9999999403953552
0.2499999701976776
0.5
i278
i256
281
-7.450580596923828e-09
0.9807852506637573
-0.195090189576149
-3.430528749959194e-08
0.9795976281166077
-0.2009688913822174
0.25
0.9375000596046448
282
0.0
1.0
0.0
2.888667971490122e-08
1.0
-3.4125196890499865e-08
0.265625
1.0
i257
i279
i255
283
0.0
-1.0
0.0
2.5780984458378953e-08
-1.0
-3.173044405002656e-08
0.265625
0.0
i260
284
-1.341104507446289e-07
-0.19509032368659973
-0.9807849526405334
-2.1797046656502062e-07
-0.19392912089824677
-0.9810155034065247
0.2499999701976776
0.4375
i256
i261
285
-5.21540641784668e-08
0.9238795042037964
-0.38268333673477173
-2.2111800390689496e-08
0.9217069745063782
-0.3878870904445648
0.2499999701976776
0.875
i257
i262
i271
i260
286
-9.685754776000977e-08
0.8314695954322815
-0.5555699467658997
-1.6883787168353592e-07
0.8286446332931519
-0.5597750544548035
0.2499999701976776
0.8125000596046448
i285
i263
i279
287
-0.03806021437048912
-0.9807852506637573
-0.1913415789604187
-0.039207104593515396
-0.9795975685119629
-0.19710730016231537
0.21875
0.062499940395355225
i277
288
-0.19509051740169525
0.0
-0.98078453540802
-0.19509084522724152
-4.818446974752533e-09
-0.9807851910591125
0.21874994039535522
0.5
289
-0.19134178757667542
0.19509032368659973
-0.9619393944740295
-0.19138690829277039
0.1939290314912796
-0.9621654748916626
0.21875
0.5625
i280
290
-0.03806021437048912
0.9807852506637573
-0.1913415789604187
-0.039207104593515396
0.9795975685119629
-0.19710734486579895
0.21875
0.9375000596046448
291
0.0
1.0
0.0
2.888667971490122e-08
1.0
-3.4125196890499865e-08
0.234375
1.0
i281
i287
i279
292
0.0
-1.0
0.0
2.5780984458378953e-08
-1.0
-3.173044405002656e-08
0.234375
0.0
i284
293
-0.19134178757667542
-0.19509032368659973
-0.9619393944740295
-0.1913868933916092
-0.1939290314912796
-0.9621654748916626
0.21875
0.4375
i280
i285
294
-0.0746578648686409
0.9238795042037964
-0.3753301799297333
-0.07567307353019714
0.9217069149017334
-0.38043397665023804
0.21875
0.875
i281
i271
295
-0.18023987114429474
-0.3826834559440613
-0.9061271548271179
-0.1804128736257553
-0.3805372416973114
-0.906996488571167
0.2187500298023224
0.375
i284
i286
296
-0.10838641971349716
0.8314695954322815
-0.544894814491272
-0.10920687764883041
0.8286446332931519
-0.5490190982818604
0.21875
0.8125000596046448
i285
297
-0.16221171617507935
-0.5555702447891235
-0.8154928088188171
-0.16257673501968384
-0.5527611970901489
-0.8173273205757141
0.21875
0.3124999403953552
i295
i270
i272
298
-0.13794967532157898
0.7071067690849304
-0.6935197710990906
-0.1385418027639389
0.7040589451789856
-0.6964962482452393
0.21875
0.75
i286
i273
299
-0.13794967532157898
-0.7071067690849304
-0.6935197710990906
-0.1385418027639389
-0.7040589451789856
-0.6964962482452393
0.21875
0.25
i270
300
-0.16221171617507935
0.5555702447891235
-0.8154928088188171
-0.16257672011852264
0.5527612566947937
-0.8173273205757141
0.21875
0.6875000596046448
i298
i274
301
-0.10838641971349716
-0.8314695954322815
-0.544894814491272
-0.10920684784650803
-0.8286446332931519
-0.5490190386772156
0.21875
0.1875
i299
i275
i276
302
-0.18023987114429474
0.3826834559440613
-0.9061271548271179
-0.1804128885269165
0.3805372714996338
-0.906996488571167
0.2187500298023224
0.6250000596046448
i274
i277
303
-0.0746578648686409
-0.9238795042037964
-0.3753301799297333
-0.07567304372787476
-0.9217069149017334
-0.38043397665023804
0.21875
0.125
i275
i289
i302
i278
i299
304
-0.27059799432754517
-0.7071067690849304
-0.6532813310623169
-0.27175942063331604
-0.7040590047836304
-0.6560851335525513
0.1875
0.25
i297
305
-0.3181896209716797
0.5555702447891235
-0.7681773900985718
-0.3189055025577545
0.5527611970901489
-0.7699055075645447
0.1875
0.6875000596046448
306
-0.27059799432754517
0.7071067690849304
-0.6532813310623169
-0.27175939083099365
0.7040589451789856
-0.6560851335525513
0.1875
0.75
i300
307
-0.2126075029373169
-0.8314695954322815
-0.5132796168327332
-0.21421688795089722
-0.8286445736885071
-0.5171645283699036
0.1874999701976776
0.1875
i304
i301
i302
308
-0.35355323553085327
0.3826834559440613
-0.8535531163215637
-0.35389256477355957
0.380537211894989
-0.8543720841407776
0.1875
0.6250000596046448
i300
i303
309
-0.1464466154575348
-0.9238795042037964
-0.35355329513549805
-0.14843808114528656
-0.9217069149017334
-0.3583609461784363
0.1875
0.125
i301
310
-0.37533026933670044
0.19509032368659973
-0.9061270356178284
-0.3754185736179352
0.19392900168895721
-0.9063400626182556
0.1875
0.5625
i308
i289
i287
311
-0.07465778291225433
-0.9807852506637573
-0.18023982644081116
-0.07690749317407608
-0.9795976281166077
-0.18567104637622833
0.1875
0.062499940395355225
i303
312
-0.38268348574638367
0.0
-0.9238787293434143
-0.3826838731765747
-1.2046116326658307e-09
-0.9238793253898621
0.1874999701976776
0.5
i310
i288
313
-0.07465778291225433
0.9807852506637573
-0.18023982644081116
-0.07690748572349548
0.9795976281166077
-0.18567104637622833
0.1875
0.9375000596046448
314
0.0
1.0
0.0
2.888667971490122e-08
1.0
-3.4125196890499865e-08
0.203125
1.0
i290
i311
i287
315
0.0
-1.0
0.0
2.5780984458378953e-08
-1.0
-3.173044405002656e-08
0.203125
0.0
i293
316
-0.37533026933670044
-0.19509032368659973
-0.9061270356178284
-0.3754185736179352
-0.19392900168895721
-0.9063400626182556
0.1875
0.4375
i288
317
-0.1464466154575348
0.9238795042037964
-0.35355329513549805
-0.14843808114528656
0.9217069149017334
-0.35836097598075867
0.1875
0.875
i313
i294
i295
318
-0.35355323553085327
-0.3826834559440613
-0.8535531163215637
-0.35389256477355957
-0.380537211894989
-0.8543720841407776
0.1875
0.375
i293
i296
319
-0.2126075029373169
0.8314695954322815
-0.5132796168327332
-0.21421688795089722
0.8286446332931519
-0.5171645283699036
0.1874999701976776
0.8125000596046448
i294
320
-0.3181896209716797
-0.5555702447891235
-0.7681773900985718
-0.3189055025577545
-0.5527611970901489
-0.7699053883552551
0.1875
0.3124999403953552
i318
i297
i298
i306
i296
321
-0.10838630050420761
0.9807852506637573
-0.1622115522623062
-0.11165238916873932
0.9795976281166077
-0.1670995056629181
0.1562500298023224
0.9375000596046448
322
0.0
1.0
0.0
2.888667971490122e-08
1.0
-3.4125196890499865e-08
0.171875
1.0
i313
323
-0.10838630050420761
-0.9807852506637573
-0.1622115522623062
-0.11165238916873932
-0.9795976281166077
-0.1670994907617569
0.1562500298023224
0.062499940395355225
i311
324
0.0
-1.0
0.0
2.5780984458378953e-08
-1.0
-3.173044405002656e-08
0.171875
0.0
i316
325
-0.5448950529098511
-0.19509032368659973
-0.8154927492141724
-0.5450232028961182
-0.19392897188663483
-0.8156844973564148
0.1562499701976776
0.4375
i312
326
-0.2126075029373169
0.9238795042037964
-0.3181895315647125
-0.215498685836792
0.9217069149017334
-0.3225163519382477
0.1562499701976776
0.875
i321
i317
i318
327
-0.5132797360420227
-0.3826834559440613
-0.7681775093078613
-0.5137722492218018
-0.3805373013019562
-0.768914520740509
0.1562500298023224
0.375
i316
i319
328
-0.3086581826210022
0.8314695954322815
-0.46193939447402954
-0.3109944462776184
0.8286446332931519
-0.4654357135295868
0.1562499701976776
0.8125001192092896
i317
329
-0.46193963289260864
-0.5555702447891235
-0.6913413405418396
-0.46297895908355713
-0.5527611970901489
-0.6928965449333191
0.1562499701976776
0.3124999403953552
i327
i320
i306
330
-0.3928474187850952
0.7071067690849304
-0.5879376530647278
-0.3945334851741791
0.7040590047836304
-0.5904610753059387
0.1562500298023224
0.75
i319
i304
331
-0.3928474187850952
-0.7071067690849304
-0.5879376530647278
-0.3945334851741791
-0.7040590047836304
-0.5904610753059387
0.1562500298023224
0.25
i320
332
-0.46193963289260864
0.5555702447891235
-0.6913413405418396
-0.46297895908355713
0.5527610778808594
-0.6928964853286743
0.1562499701976776
0.6875000596046448
i330
i305
333
-0.3086581826210022
-0.8314695954322815
-0.46193939447402954
-0.3109945058822632
-0.8286446332931519
-0.4654357135295868
0.1562499701976776
0.18749994039535522
i331
i307
i308
334
-0.5132797360420227
0.3826834559440613
-0.7681775093078613
-0.513772189617157
0.3805372714996338
-0.768914520740509
0.1562500298023224
0.6250000596046448
i305
i309
335
-0.2126075029373169
-0.9238795042037964
-0.3181895315647125
-0.21549871563911438
-0.9217069149017334
-0.3225163221359253
0.1562499701976776
0.125
i307
336
-0.5448950529098511
0.19509032368659973
-0.8154927492141724
-0.5450232028961182
0.19392897188663483
-0.8156844973564148
0.1562499701976776
0.5625
i334
i310
i323
i335
i311
337
-0.555570125579834
0.0
-0.8314687609672546
-0.5555707216262817
-2.4092232653316614e-09
-0.8314692974090576
0.15624994039535522
0.5
i336
i312
338
-0.587937593460083
0.5555702447891235
-0.5879374146461487
-0.5892603397369385
0.5527611374855042
-0.5892601013183594
0.12499997019767761
0.6875000596046448
339
-0.49999991059303284
0.7071067690849304
-0.49999988079071045
-0.5021459460258484
0.704058825969696
-0.5021457672119141
0.125
0.75
i332
340
-0.39284729957580566
-0.8314695954322815
-0.39284712076187134
-0.3958207666873932
-0.8286446332931519
-0.3958204686641693
0.12499997019767761
0.18749994039535522
341
-0.49999991059303284
-0.7071067690849304
-0.49999988079071045
-0.5021460056304932
-0.7040590047836304
-0.5021458268165588
0.125
0.25
i333
i334
342
-0.6532812118530273
0.3826834559440613
-0.6532812714576721
-0.6539080142974854
0.38053733110427856
-0.6539079546928406
0.125
0.6250000596046448
i332
i335
343
-0.27059799432754517
-0.9238795042037964
-0.2705979347229004
-0.2742776870727539
-0.9217067956924438
-0.27427756786346436
0.125
0.125
i333
344
-0.6935197710990906
0.19509032368659973
-0.6935195326805115
-0.6936829686164856
0.19392883777618408
-0.6936826109886169
0.12499997019767761
0.5625
i342
i336
345
-0.13794958591461182
-0.9807852506637573
-0.13794957101345062
-0.14210650324821472
-0.9795975685119629
-0.14210641384124756
0.125
0.062499940395355225
i343
i323
346
-0.7071064710617065
0.0
-0.7071059346199036
-0.7071072459220886
-1.2046116326658307e-09
-0.707106351852417
0.12499994039535522
0.5
i344
i337
347
-0.13794958591461182
0.9807852506637573
-0.13794957101345062
-0.14210650324821472
0.9795976281166077
-0.14210642874240875
0.125
0.9375000596046448
348
0.0
1.0
0.0
2.888667971490122e-08
1.0
-3.4125196890499865e-08
0.1406249701976776
1.0
i321
i345
i323
349
0.0
-1.0
0.0
2.5780984458378953e-08
-1.0
-3.173044405002656e-08
0.1406249701976776
0.0
i325
350
-0.6935197710990906
-0.19509032368659973
-0.6935195326805115
-0.6936830282211304
-0.19392885267734528
-0.6936826109886169
0.12499997019767761
0.4375
i337
i326
351
-0.27059799432754517
0.9238795042037964
-0.2705979347229004
-0.2742777466773987
0.9217067956924438
-0.27427759766578674
0.125
0.875
i321
i327
352
-0.6532812118530273
-0.3826834559440613
-0.6532812714576721
-0.6539080142974854
-0.38053733110427856
-0.6539079546928406
0.125
0.375
i325
i328
353
-0.39284729957580566
0.8314695954322815
-0.39284712076187134
-0.39582085609436035
0.8286446332931519
-0.3958204984664917
0.12499997019767761
0.8125001192092896
i326
354
-0.587937593460083
-0.5555702447891235
-0.5879374146461487
-0.5892602801322937
-0.5527611374855042
-0.5892601013183594
0.12499997019767761
0.3124999403953552
i352
i329
i330
i339
i328
i331
i341
i329
i350
355
-0.8154929280281067
-0.19509032368659973
-0.5448946952819824
-0.8156847953796387
-0.19392873346805573
-0.5450227856636047
0.09374997019767761
0.4375
i346
i351
356
-0.3181895613670349
0.9238795042037964
-0.21260741353034973
-0.3225165009498596
0.9217067956924438
-0.21549847722053528
0.09375
0.875
i347
i352
357
-0.7681774497032166
-0.3826834559440613
-0.5132797956466675
-0.7689145803451538
-0.38053733110427856
-0.5137722492218018
0.09375
0.3749999403953552
i350
i353
358
-0.4619395136833191
0.8314695954322815
-0.3086579442024231
-0.4654359519481659
0.8286446332931519
-0.31099405884742737
0.09374997019767761
0.8125001192092896
i351
359
-0.6913414597511292
-0.5555702447891235
-0.46193942427635193
-0.6928967833518982
-0.5527611374855042
-0.46297866106033325
0.09375
0.3124999403953552
i357
i354
i339
360
-0.5879376530647278
0.7071067690849304
-0.39284735918045044
-0.5904610753059387
0.7040589451789856
-0.3945334255695343
0.09375
0.7500000596046448
i353
i341
361
-0.5879376530647278
-0.7071067690849304
-0.39284735918045044
-0.5904610753059387
-0.7040589451789856
-0.3945334553718567
0.09375
0.25
i354
362
-0.6913414597511292
0.5555702447891235
-0.46193942427635193
-0.6928967833518982
0.5527611374855042
-0.4629785716533661
0.09375
0.6875000596046448
i360
i338
363
-0.4619395136833191
-0.8314695954322815
-0.3086579442024231
-0.4654359817504883
-0.8286446332931519
-0.31099405884742737
0.09374997019767761
0.18749994039535522
i361
i340
i342
364
-0.7681774497032166
0.3826834559440613
-0.5132797956466675
-0.768914520740509
0.3805373013019562
-0.5137722492218018
0.09375
0.6250001192092896
i338
i343
365
-0.3181895613670349
-0.9238795042037964
-0.21260741353034973
-0.3225165009498596
-0.9217067956924438
-0.21549846231937408
0.09375
0.125
i340
366
-0.8154929280281067
0.19509032368659973
-0.5448946952819824
-0.8156848549842834
0.19392871856689453
-0.5450227856636047
0.09374997019767761
0.5625
i364
i344
i345
367
-0.1622115522623062
-0.9807852506637573
-0.10838627815246582
-0.16709956526756287
-0.9795976281166077
-0.11165232211351395
0.09375
0.062499940395355225
i343
368
-0.8314691185951233
0.0
-0.5555694103240967
-0.8314699530601501
-3.6138352310643995e-09
-0.5555696487426758
0.09374991059303284
0.5
i366
i346
369
-0.1622115522623062
0.9807852506637573
-0.10838627815246582
-0.16709956526756287
0.9795976281166077
-0.11165232956409454
0.09375
0.9375000596046448
370
0.0
1.0
0.0
2.888667971490122e-08
1.0
-3.4125196890499865e-08
0.109375
1.0
i347
i367
i345
371
0.0
-1.0
0.0
2.5780984458378953e-08
-1.0
-3.173044405002656e-08
0.109375
0.0
372
-0.5132796168327332
-0.8314695954322815
-0.2126072347164154
-0.5171646475791931
-0.8286447525024414
-0.21421633660793304
0.0625
0.18749994039535522
373
-0.6532813310623169
-0.7071067690849304
-0.2705979645252228
-0.6560852527618408
-0.7040590047836304
-0.27175942063331604
0.06250002980232239
0.25
i363
i364
374
-0.853553056716919
0.3826834559440613
-0.35355326533317566
-0.8543720245361328
0.38053733110427856
-0.35389244556427
0.06250002980232239
0.6250001192092896
i362
i365
375
-0.35355326533317566
-0.9238795042037964
-0.14644651114940643
-0.3583611845970154
-0.9217069149017334
-0.14843790233135223
0.0625
0.125
i363
376
-0.9061271548271179
0.19509032368659973
-0.3753298819065094
-0.9063403010368347
0.19392859935760498
-0.375418096780777
0.0625
0.5625
i374
i366
i367
377
-0.18023981153964996
-0.9807852506637573
-0.07465775310993195
-0.18567109107971191
-0.9795975685119629
-0.07690741121768951
0.0625
0.062499940395355225
i365
378
-0.9238788485527039
0.0
-0.3826826810836792
-0.923879861831665
-1.2046116326658307e-09
-0.38268283009529114
0.062499940395355225
0.5
i376
i368
379
-0.18023981153964996
0.9807852506637573
-0.07465775310993195
-0.1856711059808731
0.9795975685119629
-0.07690741121768951
0.0625
0.9375000596046448
380
0.0
1.0
0.0
2.888667971490122e-08
1.0
-3.4125196890499865e-08
0.078125
1.0
i369
i377
i367
381
0.0
-1.0
0.0
2.5780984458378953e-08
-1.0
-3.173044405002656e-08
0.078125
0.0
i355
382
-0.9061271548271179
-0.19509032368659973
-0.3753298819065094
-0.9063403010368347
-0.19392859935760498
-0.375418096780777
0.0625
0.4375
i368
i356
383
-0.35355326533317566
0.9238795042037964
-0.14644651114940643
-0.3583611845970154
0.9217069149017334
-0.14843788743019104
0.0625
0.875
i369
i357
384
-0.853553056716919
-0.3826834559440613
-0.35355326533317566
-0.8543720245361328
-0.38053733110427856
-0.3538924753665924
0.06250002980232239
0.3749999403953552
i355
i358
385
-0.5132796168327332
0.8314695954322815
-0.2126072347164154
-0.5171646475791931
0.8286446332931519
-0.21421632170677185
0.0625
0.8125001192092896
i356
386
-0.7681773900985718
-0.5555702447891235
-0.3181893229484558
-0.7699056267738342
-0.5527611374855042
-0.3189050555229187
0.0625
0.31249988079071045
i384
i359
i360
387
-0.6532813310623169
0.7071067690849304
-0.2705979645252228
-0.6560852527618408
0.7040588855743408
-0.2717594802379608
0.06250002980232239
0.75
i358
i361
i373
i359
i362
388
-0.7681773900985718
0.5555702447891235
-0.3181893229484558
-0.7699056267738342
0.5527611374855042
-0.3189050853252411
0.0625
0.6875001192092896
i360
i383
389
-0.3753301203250885
0.9238795042037964
-0.07465775310993195
-0.38043412566185
0.9217069149017334
-0.0756729319691658
0.031249970197677612
0.8750000596046448
i379
i384
390
-0.9061270952224731
-0.3826834559440613
-0.18023988604545593
-0.9069965481758118
-0.38053733110427856
-0.18041275441646576
0.03125
0.375
i382
i385
391
-0.5448946952819824
0.8314695954322815
-0.10838615149259567
-0.5490189790725708
0.8286446332931519
-0.1092064380645752
0.031249970197677612
0.8125001192092896
i383
392
-0.8154927492141724
-0.5555702447891235
-0.16221143305301666
-0.8173273801803589
-0.5527610182762146
-0.16257637739181519
0.031249970197677612
0.3124999403953552
i390
i386
i387
393
-0.6935197710990906
0.7071067690849304
-0.1379496306180954
-0.6964963674545288
0.7040589451789856
-0.13854168355464935
0.03125
0.75
i385
i373
394
-0.6935197710990906
-0.7071067690849304
-0.1379496306180954
-0.6964962482452393
-0.7040589451789856
-0.13854163885116577
0.03125
0.25
i386
395
-0.8154927492141724
0.5555702447891235
-0.16221143305301666
-0.8173273801803589
0.5527610182762146
-0.1625763475894928
0.031249970197677612
0.6875000596046448
i393
i388
396
-0.5448946952819824
-0.8314695954322815
-0.10838615149259567
-0.5490189790725708
-0.8286446332931519
-0.10920645296573639
0.031249970197677612
0.18749994039535522
i394
i372
i374
397
-0.9061270952224731
0.3826834559440613
-0.18023988604545593
-0.906996488571167
0.3805373013019562
-0.18041275441646576
0.03125
0.6250000596046448
i388
i375
398
-0.3753301203250885
-0.9238795042037964
-0.07465775310993195
-0.38043415546417236
-0.9217068552970886
-0.0756729245185852
0.031249970197677612
0.125
i372
399
-0.9619393944740295
0.19509032368659973
-0.19134138524532318
-0.9621658325195312
0.19392850995063782
-0.19138631224632263
0.031249970197677612
0.5625
i397
i376
i377
400
-0.1913415491580963
-0.9807852506637573
-0.038060180842876434
-0.19710735976696014
-0.9795975685119629
-0.03920704126358032
0.03125
0.062499940395355225
i375
401
-0.9807844161987305
0.0
-0.1950896978378296
-0.9807854890823364
1.2046116326658307e-09
-0.19508974254131317
0.031249940395355225
0.5
i399
i378
402
-0.1913415491580963
0.9807852506637573
-0.038060180842876434
-0.19710737466812134
0.9795975685119629
-0.03920704871416092
0.03125
0.9375000596046448
403
0.0
1.0
0.0
2.888667971490122e-08
1.0
-3.4125196890499865e-08
0.04687502980232239
1.0
i379
i400
i377
404
0.0
-1.0
0.0
2.5780984458378953e-08
-1.0
-3.173044405002656e-08
0.04687502980232239
0.0
i382
405
-0.9619393944740295
-0.19509032368659973
-0.19134138524532318
-0.9621658325195312
-0.1939285397529602
-0.19138632714748383
0.031249970197677612
0.4375
i378
i397
406
-0.9238791465759277
0.3826834559440613
1.4901161193847656e-08
-0.9247655868530273
0.3805371820926666
1.1550987721875572e-07
0.0
0.6250001192092896
i395
i398
407
-0.38268324732780457
-0.9238795042037964
5.21540641784668e-08
-0.38788720965385437
-0.9217069149017334
8.02299808810858e-08
0.0
0.125
i396
408
-0.9807848334312439
0.19509032368659973
2.682209014892578e-07
-0.981015682220459
0.193928524851799
4.19081402469601e-07
0.0
0.5625
i406
i399
i400
409
-0.1950901448726654
-0.9807852506637573
1.862645149230957e-08
-0.200968936085701
-0.9795975685119629
4.146465926169185e-08
0.0
0.062499940395355225
i398
410
-0.9999990463256836
0.0
4.470348358154297e-07
-1.0
2.4092232653316614e-09
5.191876084609248e-07
0.0
0.5
i408
i401
411
-0.1950901448726654
0.9807852506637573
1.862645149230957e-08
-0.200968936085701
0.9795975685119629
3.326121600366605e-08
0.0
0.9375000596046448
412
0.0
1.0
0.0
2.888667971490122e-08
1.0
-3.4125196890499865e-08
0.015625
1.0
i402
i409
i400
413
0.0
-1.0
0.0
2.5780984458378953e-08
-1.0
-3.173044405002656e-08
0.015625
0.0
i405
414
-0.9807848334312439
-0.19509032368659973
2.682209014892578e-07
-0.981015682220459
-0.1939285546541214
4.2389848431412247e-07
0.0
0.4375
i401
i389
415
-0.38268324732780457
0.9238795042037964
5.21540641784668e-08
-0.38788726925849915
0.9217068552970886
8.067819834423062e-08
0.0
0.8750000596046448
i402
i390
416
-0.9238791465759277
-0.3826834559440613
1.4901161193847656e-08
-0.9247655868530273
-0.3805372416973114
1.1911955510868211e-07
0.0
0.3749999403953552
i405
417
-0.5555697679519653
0.8314695954322815
1.4901161193847656e-07
-0.5597748756408691
0.8286447525024414
1.7003526409098413e-07
0.0
0.8125001192092896
i415
i391
418
-0.8314691781997681
-0.5555702447891235
1.6391277313232422e-07
-0.8333397507667542
-0.5527610182762146
2.679640260794258e-07
0.0
0.3124999403953552
i416
i392
i393
419
-0.7071065902709961
0.7071067690849304
2.9802322387695312e-08
-0.7101414799690247
0.7040590047836304
1.1876382899345117e-07
0.0
0.7500000596046448
i391
i394
420
-0.7071065902709961
-0.7071067690849304
2.9802322387695312e-08
-0.7101414799690247
-0.7040590643882751
1.127656616972672e-07
0.0
0.25
i392
421
-0.8314691781997681
0.5555702447891235
1.6391277313232422e-07
-0.8333397507667542
0.5527610182762146
2.6556077159511915e-07
0.0
0.6875000596046448
i419
i395
422
-0.5555697679519653
-0.8314695954322815
1.4901161193847656e-07
-0.5597748756408691
-0.8286446332931519
1.5746223880341859e-07
0.0
0.18749994039535522
i420
i396
423
-0.9238791465759277
-0.3826834559440613
1.4901161193847656e-08
-0.9247655868530273
-0.3805372416973114
1.1911955510868211e-07
1.0
0.3749999403953552
424
-0.9061270356178284
-0.3826834559440613
0.18023990094661713
-0.9069965481758118
-0.3805372714996338
0.18041297793388367
0.96875
0.3749999403953552
425
-0.9807848334312439
-0.19509032368659973
2.682209014892578e-07
-0.981015682220459
-0.1939285546541214
4.2389848431412247e-07
1.0
0.4375
426
-0.5448946356773376
0.8314695954322815
0.10838643461465836
-0.5490189790725708
0.8286446332931519
0.10920685529708862
0.9687499403953552
0.8125001192092896
427
-0.3753300905227661
0.9238795042037964
0.0746578499674797
-0.3804340660572052
0.9217068552970886
0.07567307353019714
0.9687499403953552
0.8750000596046448
428
-0.5555697679519653
0.8314695954322815
1.4901161193847656e-07
-0.5597748756408691
0.8286447525024414
1.7003526409098413e-07
1.0
0.8125001192092896
429
-0.8154926300048828
-0.5555702447891235
0.16221176087856293
-0.8173273205757141
-0.5527610778808594
0.16257688403129578
0.9687499403953552
0.31249988079071045
i424
430
-0.8314691781997681
-0.5555702447891235
1.6391277313232422e-07
-0.8333397507667542
-0.5527610182762146
2.679640260794258e-07
1.0
0.3124999403953552
431
-0.7071065902709961
0.7071067690849304
2.9802322387695312e-08
-0.7101414799690247
0.7040590047836304
1.1876382899345117e-07
1.0
0.7500000596046448
432
-0.6935197114944458
0.7071067690849304
0.13794969022274017
-0.6964963674545288
0.7040588855743408
0.13854184746742249
0.96875
0.7500000596046448
i428
433
-0.7071065902709961
-0.7071067690849304
2.9802322387695312e-08
-0.7101414799690247
-0.7040590643882751
1.127656616972672e-07
1.0
0.25
434
-0.6935197114944458
-0.7071067690849304
0.13794969022274017
-0.6964963674545288
-0.7040588855743408
0.13854184746742249
0.96875
0.25
i430
435
-0.8154926300048828
0.5555702447891235
0.16221176087856293
-0.8173273205757141
0.5527610778808594
0.16257688403129578
0.9687499403953552
0.6875001192092896
i432
436
-0.8314691781997681
0.5555702447891235
1.6391277313232422e-07
-0.8333397507667542
0.5527610182762146
2.6556077159511915e-07
1.0
0.6875000596046448
437
-0.5448946356773376
-0.8314695954322815
0.10838643461465836
-0.5490190386772156
-0.8286446332931519
0.10920687019824982
0.9687499403953552
0.18749994039535522
i434
438
-0.5555697679519653
-0.8314695954322815
1.4901161193847656e-07
-0.5597748756408691
-0.8286446332931519
1.5746223880341859e-07
1.0
0.18749994039535522
439
-0.9238791465759277
0.3826834559440613
1.4901161193847656e-08
-0.9247655868530273
0.3805371820926666
1.1550987721875572e-07
1.0
0.6250001192092896
440
-0.9061270356178284
0.3826834559440613
0.18023990094661713
-0.9069965481758118
0.380537211894989
0.18041296303272247
0.96875
0.6250001192092896
i436
441
-0.38268324732780457
-0.9238795042037964
5.21540641784668e-08
-0.38788720965385437
-0.9217069149017334
8.02299808810858e-08
1.0
0.125
442
-0.3753300905227661
-0.9238795042037964
0.0746578499674797
-0.38043412566185
-0.9217069149017334
0.07567308098077774
0.9687499403953552
0.125
i438
443
-0.9619392156600952
0.19509032368659973
0.19134189188480377
-0.9621656537055969
0.1939285844564438
0.1913871020078659
0.9687499403953552
0.5625000596046448
i440
444
-0.9807848334312439
0.19509032368659973
2.682209014892578e-07
-0.981015682220459
0.193928524851799
4.19081402469601e-07
1.0
0.5625
445
-0.1950901448726654
-0.9807852506637573
1.862645149230957e-08
-0.200968936085701
-0.9795975685119629
4.146465926169185e-08
1.0
0.062499940395355225
446
-0.19134153425693512
-0.9807852506637573
0.03806021809577942
-0.19710734486579895
-0.9795975685119629
0.03920711576938629
0.96875
0.062499940395355225
i441
447
-0.9807842373847961
0.0
0.19509057700634003
-0.9807851910591125
-1.2046118547104356e-09
0.1950909048318863
0.9687498807907104
0.5
i443
448
-0.9999990463256836
0.0
4.470348358154297e-07
-1.0
2.4092232653316614e-09
5.191876084609248e-07
1.0
0.5
449
-0.19134153425693512
0.9807852506637573
0.03806021809577942
-0.19710738956928253
0.9795975685119629
0.039207130670547485
0.96875
0.9375000596046448
450
0.0
1.0
0.0
2.888667971490122e-08
1.0
-3.4125196890499865e-08
0.984375
1.0
451
-0.1950901448726654
0.9807852506637573
1.862645149230957e-08
-0.200968936085701
0.9795975685119629
3.326121600366605e-08
1.0
0.9375000596046448
i446
i445
452
0.0
-1.0
0.0
2.5780984458378953e-08
-1.0
-3.173044405002656e-08
0.984375
0.0
i425
453
-0.9619392156600952
-0.19509032368659973
0.19134189188480377
-0.9621656537055969
-0.19392859935760498
0.19138707220554352
0.9687499403953552
0.4375
i448
454
-0.38268324732780457
0.9238795042037964
5.21540641784668e-08
-0.38788726925849915
0.9217068552970886
8.067819834423062e-08
1.0
0.8750000596046448
i427
i451
i442
455
-0.3535532057285309
-0.9238795042037964
0.1464465856552124
-0.3583610951900482
-0.9217067956924438
0.14843818545341492
0.9375
0.125
i437
456
-0.906126856803894
0.19509032368659973
0.3753303289413452
-0.9063401818275452
0.19392859935760498
0.3754187524318695
0.9374999403953552
0.5625000596046448
457
-0.8535529971122742
0.3826834559440613
0.35355323553085327
-0.8543720245361328
0.3805372714996338
0.35389256477355957
0.9375
0.6250001192092896
i443
i446
458
-0.18023978173732758
-0.9807852506637573
0.07465778291225433
-0.18567109107971191
-0.9795975685119629
0.07690751552581787
0.9375
0.062499940395355225
i442
459
-0.9238784313201904
0.0
0.38268348574638367
-0.9238792061805725
2.4092232653316614e-09
0.38268399238586426
0.9374998807907104
0.5
i456
i447
460
-0.18023978173732758
0.9807852506637573
0.07465778291225433
-0.18567107617855072
0.9795975685119629
0.07690751552581787
0.9375
0.9375000596046448
461
0.0
1.0
0.0
2.888667971490122e-08
1.0
-3.4125196890499865e-08
0.953125
1.0
i449
i458
i446
462
0.0
-1.0
0.0
2.5780984458378953e-08
-1.0
-3.173044405002656e-08
0.953125
0.0
i453
463
-0.906126856803894
-0.19509032368659973
0.3753303289413452
-0.9063401818275452
-0.19392859935760498
0.3754187524318695
0.9374999403953552
0.4375
i447
i427
464
-0.3535532057285309
0.9238795042037964
0.1464465856552124
-0.35836103558540344
0.9217067360877991
0.14843814074993134
0.9375
0.8750000596046448
i449
i424
465
-0.8535529971122742
-0.3826834559440613
0.35355323553085327
-0.8543720841407776
-0.3805372714996338
0.35389256477355957
0.9375
0.3749999403953552
i453
466
-0.5132794380187988
0.8314695954322815
0.2126074880361557
-0.517164409160614
0.8286447525024414
0.2142169177532196
0.9374999403953552
0.8125001192092896
i464
i426
467
-0.7681772112846375
-0.5555702447891235
0.3181896209716797
-0.7699055075645447
-0.5527610778808594
0.3189055621623993
0.9374999403953552
0.31249988079071045
i465
i429
i432
468
-0.6532812714576721
0.7071067690849304
0.27059799432754517
-0.656085193157196
0.7040588855743408
0.2717594802379608
0.9375
0.7500000596046448
i426
i434
469
-0.6532812714576721
-0.7071067690849304
0.27059799432754517
-0.656085193157196
-0.7040588855743408
0.2717594802379608
0.9375
0.25
i429
470
-0.7681772112846375
0.5555702447891235
0.3181896209716797
-0.7699055075645447
0.5527610182762146
0.3189055621623993
0.9374999403953552
0.6875001192092896
i468
i435
471
-0.5132794380187988
-0.8314695954322815
0.2126074880361557
-0.517164409160614
-0.8286447525024414
0.2142169177532196
0.9374999403953552
0.18749994039535522
i469
i437
i440
i457
i435
472
-0.6913411617279053
-0.5555702447891235
0.46193963289260864
-0.6928965449333191
-0.5527611374855042
0.4629790782928467
0.90625
0.31249988079071045
473
-0.7681773900985718
-0.3826834559440613
0.5132797360420227
-0.7689144015312195
-0.3805372714996338
0.5137723088264465
0.90625
0.3749999403953552
i467
i468
474
-0.587937593460083
0.7071067690849304
0.3928473889827728
-0.5904611349105835
0.7040590047836304
0.3945334851741791
0.90625
0.7500000596046448
i466
i469
475
-0.587937593460083
-0.7071067690849304
0.3928473889827728
-0.5904610753059387
-0.7040590047836304
0.39453351497650146
0.90625
0.25
i467
476
-0.6913411617279053
0.5555702447891235
0.46193963289260864
-0.6928966045379639
0.5527610182762146
0.4629790782928467
0.90625
0.6875001192092896
i474
i470
477
-0.4619392156600952
-0.8314695954322815
0.3086581528186798
-0.465435653924942
-0.8286446332931519
0.3109945058822632
0.9062499403953552
0.18749994039535522
i475
i471
i457
478
-0.7681773900985718
0.3826834559440613
0.5132797360420227
-0.7689144015312195
0.3805373013019562
0.5137723088264465
0.90625
0.6250001192092896
i470
479
-0.31818944215774536
-0.9238795042037964
0.2126074582338333
-0.32251647114753723
-0.9217068552970886
0.21549874544143677
0.90625
0.125
i477
i455
480
-0.815492570400238
0.19509032368659973
0.5448950529098511
-0.8156844973564148
0.193928524851799
0.5450234413146973
0.90625
0.5625000596046448
i478
i456
i458
481
-0.16221150755882263
-0.9807852506637573
0.10838629305362701
-0.16709955036640167
-0.9795976281166077
0.11165239661931992
0.90625
0.062499940395355225
i455
482
-0.8314684629440308
0.0
0.5555700659751892
-0.8314692974090576
-2.4092232653316614e-09
0.5555708408355713
0.9062499403953552
0.5
i480
i459
483
-0.16221150755882263
0.9807852506637573
0.10838629305362701
-0.16709956526756287
0.9795976281166077
0.11165241152048111
0.90625
0.9375000596046448
484
0.0
1.0
0.0
2.888667971490122e-08
1.0
-3.4125196890499865e-08
0.921875
1.0
i460
i481
i458
485
0.0
-1.0
0.0
2.5780984458378953e-08
-1.0
-3.173044405002656e-08
0.921875
0.0
i463
486
-0.815492570400238
-0.19509032368659973
0.5448950529098511
-0.8156845569610596
-0.193928524851799
0.5450234413146973
0.90625
0.4375
i459
487
-0.31818944215774536
0.9238795042037964
0.2126074582338333
-0.32251644134521484
0.9217067956924438
0.21549873054027557
0.90625
0.8750000596046448
i483
i464
i465
i473
i463
i466
488
-0.4619392156600952
0.8314695954322815
0.3086581528186798
-0.465435653924942
0.8286447525024414
0.3109945058822632
0.9062499403953552
0.8125001192092896
i464
i481
489
-0.13794954121112823
-0.9807852506637573
0.13794957101345062
-0.14210647344589233
-0.9795976281166077
0.1421065628528595
0.875
0.062499940395355225
i479
490
-0.7071056962013245
0.0
0.707106351852417
-0.7071064114570618
2.4092232653316614e-09
0.7071072459220886
0.8749998807907104
0.5
491
-0.6935193538665771
0.19509032368659973
0.6935197114944458
-0.6936825513839722
0.19392850995063782
0.6936832070350647
0.8749999403953552
0.5625000596046448
i482
492
-0.13794954121112823
0.9807852506637573
0.13794957101345062
-0.14210648834705353
0.9795976281166077
0.1421065479516983
0.875
0.9375000596046448
493
0.0
1.0
0.0
2.888667971490122e-08
1.0
-3.4125196890499865e-08
0.890625
1.0
i483
i489
i481
494
0.0
-1.0
0.0
2.5780984458378953e-08
-1.0
-3.173044405002656e-08
0.890625
0.0
i486
495
-0.6935193538665771
-0.19509032368659973
0.6935197114944458
-0.6936825513839722
-0.19392850995063782
0.6936830878257751
0.8749999403953552
0.4375
i482
i487
496
-0.2705978751182556
0.9238795042037964
0.2705979347229004
-0.2742777168750763
0.9217067956924438
0.27427777647972107
0.875
0.8750000596046448
i483
i473
497
-0.6532811522483826
-0.3826834559440613
0.6532811522483826
-0.6539079546928406
-0.38053733110427856
0.6539080142974854
0.875
0.3749999403953552
i486
498
-0.392846941947937
0.8314695954322815
0.3928472399711609
-0.3958203196525574
0.8286447525024414
0.3958207964897156
0.8749998807907104
0.8125001192092896
i496
i488
499
-0.5879372358322144
-0.5555702447891235
0.5879375338554382
-0.5892599821090698
-0.5527610182762146
0.589260458946228
0.8749999403953552
0.31249988079071045
i497
i472
i474
500
-0.4999998211860657
0.7071067690849304
0.49999988079071045
-0.5021458864212036
0.7040588855743408
0.5021460056304932
0.875
0.7500000596046448
i488
i475
501
-0.4999998211860657
-0.7071067690849304
0.49999988079071045
-0.5021458864212036
-0.7040588855743408
0.5021460056304932
0.875
0.25
i472
502
-0.5879372358322144
0.5555702447891235
0.5879375338554382
-0.5892599821090698
0.5527610182762146
0.589260458946228
0.8749999403953552
0.6875001192092896
i500
i476
503
-0.392846941947937
-0.8314695954322815
0.3928472399711609
-0.39582040905952454
-0.8286446332931519
0.39582085609436035
0.8749998807907104
0.18749994039535522
i501
i477
i478
504
-0.6532811522483826
0.3826834559440613
0.6532811522483826
-0.6539080142974854
0.38053733110427856
0.6539080739021301
0.875
0.6250001192092896
i476
i479
505
-0.2705978751182556
-0.9238795042037964
0.2705979347229004
-0.2742777466773987
-0.9217068552970886
0.27427780628204346
0.875
0.125
i477
i491
i504
i480
i500
506
-0.39284729957580566
0.7071067690849304
0.5879376530647278
-0.3945334851741791
0.7040590047836304
0.5904611349105835
0.84375
0.7500000596046448
i498
i501
507
-0.39284729957580566
-0.7071067690849304
0.5879376530647278
-0.3945334851741791
-0.7040588855743408
0.5904611349105835
0.84375
0.25
i499
508
-0.46193927526474
0.5555702447891235
0.6913413405418396
-0.4629786014556885
0.5527610182762146
0.692896842956543
0.8437499403953552
0.6875001192092896
i506
i502
509
-0.30865779519081116
-0.8314695954322815
0.46193942427635193
-0.3109939992427826
-0.8286447525024414
0.4654359817504883
0.8437499403953552
0.18749982118606567
i507
i503
i504
510
-0.5132796764373779
0.3826834559440613
0.7681773900985718
-0.5137722492218018
0.3805372714996338
0.768914520740509
0.84375
0.6250001192092896
i502
i505
511
-0.21260736882686615
-0.9238795042037964
0.31818950176239014
-0.2154986411333084
-0.9217068552970886
0.3225165605545044
0.84375
0.125
i503
512
-0.5448945760726929
0.19509032368659973
0.8154928088188171
-0.54502272605896
0.19392837584018707
0.8156849145889282
0.8437499403953552
0.5625000596046448
i510
i491
i489
513
-0.10838624835014343
-0.9807852506637573
0.16221152245998383
-0.11165229976177216
-0.9795975685119629
0.16709962487220764
0.84375
0.062499940395355225
i505
514
-0.5555692315101624
0.0
0.831468939781189
-0.5555696487426758
4.818446974752533e-09
0.8314699530601501
0.8437498807907104
0.5
i512
i490
515
-0.10838624835014343
0.9807852506637573
0.16221152245998383
-0.11165229976177216
0.9795975685119629
0.16709962487220764
0.84375
0.9375000596046448
516
0.0
1.0
0.0
2.888667971490122e-08
1.0
-3.4125196890499865e-08
0.859375
1.0
i492
i513
i489
517
0.0
-1.0
0.0
2.5780984458378953e-08
-1.0
-3.173044405002656e-08
0.859375
0.0
i495
518
-0.5448945760726929
-0.19509032368659973
0.8154928088188171
-0.5450228452682495
-0.19392839074134827
0.8156849145889282
0.8437499403953552
0.4375
i490
i496
519
-0.21260736882686615
0.9238795042037964
0.31818950176239014
-0.21549861133098602
0.9217068552970886
0.3225165903568268
0.84375
0.8750000596046448
i492
i497
520
-0.5132796764373779
-0.3826834559440613
0.7681773900985718
-0.5137722492218018
-0.3805373013019562
0.768914520740509
0.84375
0.3749999403953552
i495
521
-0.30865779519081116
0.8314695954322815
0.46193942427635193
-0.3109939992427826
0.8286447525024414
0.4654359221458435
0.8437499403953552
0.8125001788139343
i519
i498
522
-0.46193927526474
-0.5555702447891235
0.6913413405418396
-0.4629786014556885
-0.5527610182762146
0.692896842956543
0.8437499403953552
0.31249988079071045
i520
i499
523
-0.38268256187438965
0.0
0.9238786101341248
-0.38268280029296875
0.0
0.923879861831665
0.8124998807907104
0.5
524
-0.37532979249954224
0.19509032368659973
0.9061269760131836
-0.375418096780777
0.19392825663089752
0.906340479850769
0.8124999403953552
0.5625000596046448
i514
525
-0.07465773820877075
0.9807852506637573
0.18023976683616638
-0.07690741866827011
0.9795975685119629
0.1856711208820343
0.8125
0.9375001192092896
526
0.0
1.0
0.0
2.888667971490122e-08
1.0
-3.4125196890499865e-08
0.828125
1.0
i515
527
-0.07465773820877075
-0.9807852506637573
0.18023976683616638
-0.0769074410200119
-0.9795975685119629
0.1856711059808731
0.8125
0.06249988079071045
i513
528
0.0
-1.0
0.0
2.5780984458378953e-08
-1.0
-3.173044405002656e-08
0.828125
0.0
i518
529
-0.37532979249954224
-0.19509032368659973
0.9061269760131836
-0.375418096780777
-0.19392824172973633
0.906340479850769
0.8124999403953552
0.4375
i514
530
-0.14644648134708405
0.9238795042037964
0.35355323553085327
-0.14843802154064178
0.9217068552970886
0.35836121439933777
0.8125
0.8750000596046448
i525
i519
i520
531
-0.3535531759262085
-0.3826834559440613
0.8535529971122742
-0.35389235615730286
-0.3805372714996338
0.8543720841407776
0.8125
0.3749999403953552
i518
i521
532
-0.21260710060596466
0.8314695954322815
0.5132794976234436
-0.2142161875963211
0.828644871711731
0.5171645879745483
0.8124999403953552
0.8125001788139343
i519
533
-0.31818920373916626
-0.5555702447891235
0.7681772708892822
-0.3189049959182739
-0.5527610182762146
0.7699057459831238
0.8124999403953552
0.31249988079071045
i531
i522
i506
534
-0.270597904920578
0.7071067690849304
0.6532813310623169
-0.27175939083099365
0.7040588855743408
0.6560852527618408
0.8125
0.7500000596046448
i521
i507
535
-0.270597904920578
-0.7071067690849304
0.6532813310623169
-0.2717594504356384
-0.7040589451789856
0.6560852527618408
0.8125
0.25
i522
536
-0.31818920373916626
0.5555702447891235
0.7681772708892822
-0.3189049959182739
0.5527610182762146
0.7699057459831238
0.8124999403953552
0.6875001192092896
i534
i508
537
-0.21260710060596466
-0.8314695954322815
0.5132794976234436
-0.21421615779399872
-0.8286447525024414
0.5171646475791931
0.8124999403953552
0.18749982118606567
i535
i509
i510
538
-0.3535531759262085
0.3826834559440613
0.8535529971122742
-0.35389232635498047
0.3805372714996338
0.8543720841407776
0.8125
0.6250001192092896
i508
i511
539
-0.14644648134708405
-0.9238795042037964
0.35355323553085327
-0.1484379917383194
-0.9217068552970886
0.35836121439933777
0.8125
0.125
i509
i524
i538
i512
i513
i527
i511
i535
540
-0.13794957101345062
-0.7071067690849304
0.6935197710990906
-0.13854160904884338
-0.7040588855743408
0.6964964866638184
0.78125
0.25
i533
541
-0.1622113287448883
0.5555702447891235
0.815492570400238
-0.16257750988006592
0.5527613162994385
0.817327082157135
0.7812499403953552
0.6875001192092896
542
-0.13794957101345062
0.7071067690849304
0.6935197710990906
-0.13854193687438965
0.7040586471557617
0.6964966058731079
0.78125
0.75
i536
543
-0.10838603973388672
-0.8314695954322815
0.5448945164680481
-0.1092061847448349
-0.8286448121070862
0.549018919467926
0.7812499403953552
0.18749982118606567
i540
i537
i538
544
-0.18023981153964996
0.3826834559440613
0.9061269760131836
-0.18041303753852844
0.38053691387176514
0.9069966077804565
0.78125
0.6250001192092896
i536
i539
545
-0.07465773075819016
-0.9238795042037964
0.3753300905227661
-0.075672946870327
-0.9217068552970886
0.3804342746734619
0.7812499403953552
0.125
i537
546
-0.1913413256406784
0.19509032368659973
0.9619392156600952
-0.19138754904270172
0.19392862915992737
0.9621654748916626
0.7812499403953552
0.5625000596046448
i544
i524
547
-0.038060177117586136
-0.9807852506637573
0.19134150445461273
-0.03920707851648331
-0.9795976281166077
0.19710738956928253
0.78125
0.06249988079071045
i545
i527
548
-0.19508962333202362
0.0
0.9807841777801514
-0.1950920969247818
0.0
0.9807848334312439
0.7812498807907104
0.5
i546
i523
549
-0.038060177117586136
0.9807852506637573
0.19134150445461273
-0.03920704871416092
0.9795975685119629
0.19710735976696014
0.78125
0.9375001192092896
550
0.0
1.0
0.0
2.888667971490122e-08
1.0
-3.4125196890499865e-08
0.796875
1.0
i525
i547
i527
551
0.0
-1.0
0.0
2.5780984458378953e-08
-1.0
-3.173044405002656e-08
0.796875
0.0
i529
552
-0.1913413256406784
-0.19509032368659973
0.9619392156600952
-0.19138751924037933
-0.19392862915992737
0.9621654748916626
0.7812499403953552
0.4375
i523
i530
553
-0.07465773075819016
0.9238795042037964
0.3753300905227661
-0.07567295432090759
0.9217067360877991
0.3804342746734619
0.7812499403953552
0.8750000596046448
i525
i531
554
-0.18023981153964996
-0.3826834559440613
0.9061269760131836
-0.18041302263736725
-0.38053691387176514
0.9069966077804565
0.78125
0.3749999403953552
i529
555
-0.10838603973388672
0.8314695954322815
0.5448945164680481
-0.10920780152082443
0.8286450505256653
0.5490183234214783
0.7812499403953552
0.8125001788139343
i553
i532
556
-0.1622113287448883
-0.5555702447891235
0.815492570400238
-0.1625775396823883
-0.5527612566947937
0.817327082157135
0.7812499403953552
0.31249988079071045
i554
i533
i534
i542
i532
i5
557
0.0
1.0
0.0
2.888667971490122e-08
1.0
-3.4125196890499865e-08
0.765625
1.0
i549
i7
i547
558
0.0
-1.0
0.0
2.5780984458378953e-08
-1.0
-3.173044405002656e-08
0.765625
0.0
i552
i9
i548
i12
i5
i553
i554
i13
i552
i16
i12
i555
i556
i17
i554
i20
i16
i542
i540
i21
i556
i24
i20
i541
i25
i21
i543
i28
i24
i544
i545
i29
i543
i2
i28
i546
i547
i7
i545
i0
i2
i548
i1
i31
i2
i10
i1
i0
i3
i5
i12
i14
i10
i9
i11
i12
i16
i18
i14
i13
i15
i16
i20
i22
i18
i17
i19
i20
i24
i26
i22
i21
i23
i24
i28
i30
i26
i25
i27
i28
i2
i6
i30
i29
i33
i27
i31
i34
i48
i30
i35
i32
i31
i39
i35
i1
i40
i36
i3
i41
i39
i10
i42
i40
i11
i43
i41
i14
i44
i42
i15
i45
i43
i18
i46
i44
i19
i45
i22
i26
i33
i46
i23
i47
i26
i30
i50
i41
i43
i51
i65
i42
i49
i43
i45
i53
i51
i44
i52
i45
i47
i55
i53
i46
i56
i54
i47
i57
i55
i33
i58
i56
i48
i59
i57
i32
i59
i35
i39
i64
i60
i36
i50
i63
i39
i65
i64
i40
i66
i82
i56
i68
i57
i59
i72
i67
i59
i73
i69
i60
i74
i72
i63
i75
i73
i64
i74
i50
i49
i77
i75
i65
i78
i76
i49
i79
i77
i51
i80
i78
i52
i81
i79
i53
i82
i80
i54
i81
i55
i57
i83
i98
i75
i84
i99
i76
i83
i77
i79
i86
i84
i78
i87
i85
i79
i86
i80
i82
i87
i81
i68
i90
i88
i82
i89
i68
i67
i95
i91
i67
i96
i92
i69
i97
i95
i72
i98
i96
i73
i97
i74
i76
i101
i89
i91
i106
i100
i91
i107
i102
i92
i108
i106
i95
i109
i107
i96
i108
i97
i99
i111
i109
i98
i112
i110
i99
i111
i83
i85
i114
i112
i84
i115
i113
i85
i116
i114
i86
i115
i87
i89
i116
i88
i90
i117
i133
i110
i119
i111
i113
i117
i112
i114
i121
i118
i113
i120
i114
i116
i121
i115
i101
i124
i122
i116
i123
i101
i100
i129
i125
i100
i126
i102
i107
i131
i129
i106
i132
i130
i107
i131
i108
i110
i119
i132
i109
i136
i149
i125
i138
i126
i130
i139
i136
i129
i140
i137
i130
i139
i131
i133
i142
i140
i132
i143
i141
i133
i142
i119
i118
i143
i117
i120
i146
i144
i118
i147
i145
i120
i146
i121
i123
i134
i147
i122
i148
i123
i125
i152
i143
i145
i153
i167
i144
i154
i151
i145
i153
i146
i148
i156
i154
i147
i155
i148
i149
i161
i157
i149
i162
i158
i138
i163
i161
i136
i164
i162
i137
i163
i139
i141
i166
i164
i140
i152
i165
i141
i166
i142
i144
i168
i181
i158
i169
i184
i161
i168
i162
i164
i169
i163
i165
i172
i170
i164
i173
i171
i165
i172
i166
i167
i173
i152
i151
i176
i174
i167
i177
i175
i151
i176
i153
i155
i177
i154
i156
i178
i155
i157
i184
i180
i157
i185
i200
i174
i186
i201
i175
i185
i176
i178
i188
i186
i177
i187
i178
i180
i193
i189
i180
i194
i190
i181
i195
i193
i184
i194
i168
i170
i195
i169
i171
i198
i196
i170
i199
i197
i171
i198
i172
i174
i199
i173
i175
i202
i217
i193
i203
i218
i194
i202
i195
i197
i205
i203
i196
i206
i204
i197
i205
i198
i200
i208
i206
i199
i209
i207
i200
i208
i201
i186
i209
i185
i187
i210
i186
i188
i211
i187
i189
i217
i213
i189
i218
i214
i190
i219
i235
i208
i221
i209
i211
i222
i219
i210
i220
i211
i213
i227
i223
i213
i224
i214
i218
i229
i227
i217
i228
i218
i203
i229
i202
i204
i232
i230
i203
i233
i231
i204
i232
i205
i207
i233
i206
i208
i221
i234
i207
i236
i252
i228
i238
i229
i231
i239
i236
i230
i240
i237
i231
i239
i232
i234
i240
i233
i235
i243
i241
i234
i244
i242
i235
i243
i221
i220
i246
i244
i219
i245
i220
i223
i251
i247
i223
i252
i248
i224
i238
i251
i227
i254
i243
i245
i255
i269
i244
i253
i245
i247
i260
i256
i247
i261
i257
i248
i262
i260
i251
i263
i261
i252
i262
i238
i237
i265
i263
i236
i266
i264
i237
i265
i239
i241
i266
i240
i242
i254
i267
i241
i269
i268
i242
i271
i262
i264
i272
i286
i263
i273
i270
i264
i272
i265
i267
i273
i266
i268
i276
i274
i267
i277
i275
i268
i276
i254
i253
i277
i269
i255
i278
i253
i256
i284
i280
i256
i285
i281
i257
i271
i284
i260
i285
i261
i263
i287
i303
i277
i289
i278
i280
i293
i288
i280
i294
i290
i281
i295
i293
i284
i296
i294
i285
i295
i271
i270
i298
i296
i286
i299
i297
i270
i298
i272
i274
i299
i273
i275
i302
i300
i274
i303
i301
i275
i302
i276
i278
i304
i320
i297
i306
i298
i300
i304
i299
i301
i308
i305
i300
i309
i307
i301
i308
i302
i289
i311
i309
i303
i310
i289
i288
i316
i312
i288
i313
i290
i294
i318
i316
i293
i319
i317
i294
i318
i295
i297
i306
i319
i296
i325
i337
i312
i321
i313
i317
i327
i325
i316
i328
i326
i317
i327
i318
i320
i330
i328
i319
i331
i329
i320
i330
i306
i305
i331
i304
i307
i334
i332
i305
i335
i333
i307
i334
i308
i310
i335
i309
i311
i336
i310
i312
i339
i330
i332
i341
i331
i333
i342
i338
i332
i343
i340
i333
i342
i334
i336
i343
i335
i323
i344
i336
i337
i350
i346
i337
i351
i347
i321
i352
i350
i325
i353
i351
i326
i352
i327
i329
i339
i353
i328
i341
i354
i329
i355
i368
i346
i356
i369
i347
i357
i355
i350
i358
i356
i351
i357
i352
i354
i360
i358
i353
i361
i359
i354
i360
i339
i338
i361
i341
i340
i364
i362
i338
i365
i363
i340
i364
i342
i344
i367
i365
i343
i366
i344
i346
i373
i361
i363
i374
i388
i362
i375
i372
i363
i374
i364
i366
i377
i375
i365
i376
i366
i368
i382
i378
i368
i383
i379
i369
i384
i382
i355
i385
i383
i356
i384
i357
i359
i387
i385
i358
i373
i386
i359
i388
i387
i360
i389
i402
i379
i390
i405
i382
i391
i389
i383
i390
i384
i386
i393
i391
i385
i394
i392
i386
i393
i387
i388
i394
i373
i372
i397
i395
i388
i398
i396
i372
i397
i374
i376
i400
i398
i375
i399
i376
i378
i405
i401
i378
i406
i421
i395
i407
i422
i396
i406
i397
i399
i409
i407
i398
i408
i399
i401
i414
i410
i401
i415
i411
i402
i416
i414
i405
i415
i389
i391
i416
i390
i392
i419
i417
i391
i420
i418
i392
i419
i393
i395
i420
i394
i396
i424
i453
i425
i427
i454
i428
i424
i423
i430
i432
i426
i428
i434
i429
i430
i432
i431
i436
i434
i433
i438
i440
i435
i436
i442
i437
i438
i440
i439
i444
i446
i442
i441
i443
i444
i448
i453
i447
i448
i427
i449
i451
i455
i471
i437
i457
i440
i443
i458
i455
i442
i456
i443
i447
i463
i459
i447
i464
i460
i449
i465
i463
i453
i464
i427
i426
i465
i424
i429
i468
i466
i426
i469
i467
i429
i468
i432
i435
i469
i434
i437
i457
i470
i435
i473
i465
i467
i474
i488
i466
i475
i472
i467
i474
i468
i470
i475
i469
i471
i478
i476
i470
i477
i471
i455
i478
i457
i456
i481
i479
i455
i480
i456
i459
i486
i482
i459
i483
i460
i464
i473
i486
i463
i488
i487
i464
i489
i505
i479
i491
i480
i482
i495
i490
i482
i496
i492
i483
i497
i495
i486
i496
i487
i488
i497
i473
i472
i500
i498
i488
i501
i499
i472
i500
i474
i476
i501
i475
i477
i504
i502
i476
i505
i503
i477
i504
i478
i480
i506
i521
i498
i507
i522
i499
i506
i500
i502
i507
i501
i503
i510
i508
i502
i511
i509
i503
i510
i504
i491
i513
i511
i505
i512
i491
i490
i518
i514
i490
i519
i515
i492
i520
i518
i495
i519
i496
i498
i520
i497
i499
i524
i512
i514
i529
i523
i514
i525
i515
i519
i531
i529
i518
i532
i530
i519
i531
i520
i522
i534
i532
i521
i535
i533
i522
i534
i506
i508
i535
i507
i509
i538
i536
i508
i539
i537
i509
i538
i510
i512
i527
i539
i511
i540
i556
i533
i542
i534
i536
i540
i535
i537
i544
i541
i536
i545
i543
i537
i544
i538
i524
i545
i539
i527
i546
i524
i523
i552
i548
i523
i553
i549
i525
i554
i552
i529
i553
i530
i532
i554
i531
i533
i542
i555
i532
i9
i0
i548
i5
i549
i553
i13
i9
i552
i12
i553
i555
i17
i13
i554
i16
i555
i542
i21
i17
i556
i20
i542
i541
i21
i540
i543
i24
i541
i544
i29
i25
i543
i28
i544
i546
i7
i29
i545
i2
i546
i548
end
