mesh name=Cube
0
100.03633880615234
-0.6529772877693176
-10.139958381652832
57.756011962890625
-0.37699663639068604
-5.854308128356934
0.875
0.5
1
-100.03633880615234
0.6529772877693176
-10.139958381652832
-57.756011962890625
0.37699663639068604
-5.854308128356934
0.625
0.75
2
-100.03633880615234
-0.6529772877693176
-10.139958381652832
-57.756011962890625
-0.37699663639068604
-5.854308128356934
0.625
0.5
i1
3
100.03633880615234
0.6529772877693176
10.139958381652832
57.756011962890625
0.37699663639068604
5.854308128356934
0.375
1.0
4
-100.03633880615234
0.6529772877693176
10.139958381652832
-57.756011962890625
0.37699663639068604
5.854308128356934
0.375
0.75
5
100.03633880615234
0.6529772877693176
-10.139958381652832
57.756011962890625
0.37699663639068604
-5.854308128356934
0.625
0.0
6
100.03633880615234
-0.6529772877693176
10.139958381652832
57.756011962890625
-0.37699663639068604
5.854308128356934
0.375
0.25
7
100.03633880615234
0.6529772877693176
10.139958381652832
57.756011962890625
0.37699663639068604
5.854308128356934
0.375
0.0
8
-100.03633880615234
-0.6529772877693176
10.139958381652832
-57.756011962890625
-0.37699663639068604
5.854308128356934
0.375
0.5
9
100.03633880615234
0.6529772877693176
10.139958381652832
57.756011962890625
0.37699663639068604
5.854308128356934
0.125
0.75
10
100.03633880615234
-0.6529772877693176
10.139958381652832
57.756011962890625
-0.37699663639068604
5.854308128356934
0.125
0.5
i2
i4
i8
11
100.03633880615234
-0.6529772877693176
-10.139958381652832
57.756011962890625
-0.37699663639068604
-5.854308128356934
0.625
0.25
i8
i6
i0
12
100.03633880615234
0.6529772877693176
-10.139958381652832
57.756011962890625
0.37699663639068604
-5.854308128356934
0.875
0.75
i1
i1
13
100.03633880615234
0.6529772877693176
-10.139958381652832
57.756011962890625
0.37699663639068604
-5.854308128356934
0.625
1.0
i3
i5
i11
i6
i8
i4
i9
i2
i1
i4
i11
i2
i8
end
