f1
b Bone
1.0
0.0
0.0
0.0
0.0
1.0
0.0
0.0
0.0
0.0
1.0
0.0
0.0
0.0
0.0
1.0
b Bone.001
1.0
0.0
0.0
0.0
0.0
1.0
0.0
0.0
0.0
0.0
1.0
0.0
0.0
0.0
0.0
1.0
b Bone.002
1.0
0.0
0.0
0.0
0.0
1.0
0.0
0.0
0.0
0.0
1.0
0.0
0.0
0.0
0.0
1.0
f10
b Bone
1.0
0.0
0.0
0.0
0.0
1.0
0.0
0.0
0.0
0.0
1.0
0.0
0.0
0.0
0.0
1.0
b Bone.001
0.9967239499092102
0.07816494256258011
0.020775509998202324
0.0
-0.012158871628344059
0.3987668454647064
-0.9169718027114868
0.0
-0.07995962351560593
0.9137151837348938
0.3984108865261078
0.0
0.0
0.0
0.0
1.0
b Bone.002
1.0
0.0
0.0
0.0
0.0
1.0
0.0
0.0
0.0
0.0
1.0
0.0
0.0
0.0
0.0
1.0
f20
b Bone
1.0
0.0
0.0
0.0
0.0
1.0
0.0
0.0
0.0
0.0
1.0
0.0
0.0
0.0
0.0
1.0
b Bone.001
0.9967239499092102
0.07816494256258011
0.020775509998202324
0.0
-0.012158871628344059
0.3987668454647064
-0.9169718027114868
0.0
-0.07995962351560593
0.9137151837348938
0.3984108865261078
0.0
0.0
0.0
0.0
1.0
b Bone.002
-0.09650997817516327
0.824325442314148
-0.5578295588493347
0.0
-0.3237437605857849
0.5039729475975037
0.8007505536079407
0.0
0.9412100315093994
0.2578740417957306
0.21823163330554962
0.0
0.0
0.0
0.0
1.0
